   5.5000000e+01   3.1166667e+00  -5.2941272e+00
   4.4000000e+01   3.1166667e+00  -4.2839794e+00
   3.9000000e+01   3.1166667e+00  -4.2881188e+00
   4.5000000e+01   3.1166667e+00  -5.1643998e+00
   5.5000000e+01   2.7625000e+00  -5.4870233e+00
   3.3000000e+01   2.7625000e+00  -4.5709023e+00
   4.3000000e+01   2.7625000e+00  -5.2390469e+00
   3.8000000e+01   2.7625000e+00  -4.4459263e+00
   4.5000000e+01   2.7625000e+00  -4.1318486e+00
   5.1000000e+01   3.7111111e+00  -3.8452953e+00
   6.3000000e+01   3.7111111e+00  -3.5974529e+00
   3.5000000e+01   3.7111111e+00  -3.1913712e+00
   5.3000000e+01   2.8777778e+00  -4.5876426e+00
   6.9000000e+01   2.9000000e+00  -6.0225392e+00
   6.0000000e+01   2.9666667e+00  -4.1782903e+00
   5.4000000e+01   2.8200000e+00  -5.2614283e+00
   6.7000000e+01   2.8200000e+00  -5.5173595e+00
   2.1000000e+01   2.6000000e+00  -4.0507949e+00
   6.3000000e+01   2.6000000e+00  -4.8321907e+00
   1.4000000e+01   2.6000000e+00  -4.3650321e+00
   4.3000000e+01   2.6000000e+00  -5.3580732e+00
   4.7000000e+01   2.6000000e+00  -5.7186381e+00
   6.8000000e+01   3.4000000e+00  -4.2363595e+00
   6.1000000e+01   3.4000000e+00  -4.9040388e+00
   6.0000000e+01   3.4000000e+00  -5.1881450e+00
   5.5000000e+01   3.6400000e+00  -3.8061630e+00
   6.6000000e+01   3.6400000e+00  -4.7974546e+00
   3.8000000e+01   3.6400000e+00  -3.7663897e+00
   5.6000000e+01   4.0000000e+00  -3.5761108e+00
   6.7000000e+01   4.0000000e+00  -4.1716096e+00
   3.9000000e+01   4.0000000e+00  -2.8319821e+00
   5.6000000e+01   2.7333333e+00  -4.7899277e+00
   6.6000000e+01   2.7333333e+00  -5.6038108e+00
   4.0000000e+01   2.7333333e+00  -4.0252598e+00
   6.6000000e+01   2.7666667e+00  -5.4286270e+00
   4.1000000e+01   2.5800000e+00  -4.8644302e+00
   9.0000000e+00   2.5800000e+00  -4.3869027e+00
   6.0000000e+01   2.5800000e+00  -5.1189113e+00
   1.2000000e+01   2.5800000e+00  -4.0708024e+00
   3.0000000e+01   2.5800000e+00  -4.5455299e+00
   6.7000000e+01   3.1000000e+00  -4.9361041e+00
   5.6000000e+01   3.1000000e+00  -4.8714283e+00
   5.8000000e+01   3.1000000e+00  -5.5650743e+00
   5.9000000e+01   2.8500000e+00  -4.9411836e+00
   3.8000000e+01   2.8500000e+00  -5.2109952e+00
   1.1000000e+01   2.8500000e+00  -4.2289408e+00
   3.5000000e+01   2.8500000e+00  -5.0270386e+00
   2.0000000e+01   2.8500000e+00  -3.8356447e+00
   2.4000000e+01   2.8500000e+00  -3.8472269e+00
   6.4000000e+01   2.8000000e+00  -5.8522835e+00
   4.3000000e+01   2.8000000e+00  -5.2997204e+00
   5.6000000e+01   2.8000000e+00  -4.9440709e+00
   5.7000000e+01   2.4600000e+00  -5.7731451e+00
   3.7000000e+01   2.4600000e+00  -5.1126969e+00
   4.3000000e+01   2.4600000e+00  -5.0789775e+00
   3.3000000e+01   2.4600000e+00  -5.0782464e+00
   6.9000000e+01   2.3500000e+00  -6.2512957e+00
   6.2000000e+01   2.3500000e+00  -6.3624172e+00
   6.1000000e+01   2.3500000e+00  -5.7646949e+00
   6.7000000e+01   2.6333333e+00  -4.9724954e+00
   6.6000000e+01   2.6333333e+00  -5.6982827e+00
   1.5000000e+01   2.5000000e+00  -4.0579260e+00
   5.9000000e+01   2.5000000e+00  -5.5698954e+00
   4.2000000e+01   2.5000000e+00  -5.6327880e+00
   2.9000000e+01   2.5000000e+00  -5.0473387e+00
   4.6000000e+01   3.5875000e+00  -4.0624707e+00
   5.6000000e+01   3.5875000e+00  -4.7429995e+00
   3.1000000e+01   3.5875000e+00  -3.0298900e+00
   6.8000000e+01   3.5875000e+00  -4.5971778e+00
   6.2000000e+01   2.7181818e+00  -6.1136401e+00
   6.3000000e+01   2.7181818e+00  -5.3856895e+00
   6.5000000e+01   2.7181818e+00  -5.0349086e+00
   5.4000000e+01   2.4500000e+00  -6.5455140e+00
   3.7000000e+01   2.4500000e+00  -4.9997410e+00
   2.3000000e+01   2.4500000e+00  -5.4701203e+00
   4.4000000e+01   2.4500000e+00  -5.2856297e+00
   2.7000000e+01   2.4500000e+00  -4.0845612e+00
   2.4000000e+01   2.4500000e+00  -4.2706174e+00
   2.7000000e+01   2.5714286e+00  -4.2005637e+00
   5.1000000e+01   2.5714286e+00  -5.3176239e+00
   2.4000000e+01   2.5714286e+00  -4.7517816e+00
   4.4000000e+01   2.5714286e+00  -4.3293730e+00
   3.4000000e+01   2.5714286e+00  -5.7814118e+00
   1.3000000e+01   2.6600000e+00  -3.7715253e+00
   5.6000000e+01   2.6600000e+00  -6.0447680e+00
   1.7000000e+01   2.6600000e+00  -3.6889526e+00
   5.1000000e+01   2.6600000e+00  -4.8373079e+00
   3.9000000e+01   2.6600000e+00  -5.8406289e+00
   6.3000000e+01   2.6600000e+00  -4.6601715e+00
   2.7000000e+01   2.6600000e+00  -4.3654127e+00
   3.0000000e+01   2.6600000e+00  -5.1112635e+00
   6.0000000e+01   2.7000000e+00  -5.4961972e+00
   3.4000000e+01   2.7000000e+00  -4.7543524e+00
   6.8000000e+01   2.7000000e+00  -5.1284495e+00
   4.2000000e+01   2.7000000e+00  -4.1481261e+00
   2.6000000e+01   2.7000000e+00  -4.5157945e+00
   4.3000000e+01   3.0000000e+00  -3.7653995e+00
   5.4000000e+01   3.0000000e+00  -4.7877738e+00
   2.7000000e+01   3.0000000e+00  -4.3530956e+00
   6.7000000e+01   3.0000000e+00  -5.0571017e+00
   6.2000000e+01   3.0400000e+00  -4.7823422e+00
   3.8000000e+01   3.0400000e+00  -5.2574477e+00
   5.0000000e+01   3.0400000e+00  -4.1652903e+00
   6.7000000e+01   2.4666667e+00  -6.0868495e+00
   6.0000000e+01   2.4666667e+00  -6.2847683e+00
   5.9000000e+01   2.4666667e+00  -5.0630903e+00
   6.8000000e+01   2.8125000e+00  -5.0182298e+00
   6.2000000e+01   2.8125000e+00  -5.2152165e+00
   6.0000000e+01   2.8125000e+00  -5.8443476e+00
   1.2000000e+01   2.4666667e+00  -4.1106100e+00
   5.5000000e+01   2.4666667e+00  -6.5387794e+00
   3.7000000e+01   2.4666667e+00  -5.1269236e+00
   5.6000000e+01   2.9750000e+00  -4.6750142e+00
   2.1000000e+01   2.9750000e+00  -4.1926645e+00
   3.4000000e+01   2.9750000e+00  -4.8315603e+00
   4.9000000e+01   2.9750000e+00  -5.3794247e+00
   1.6000000e+01   2.5000000e+00  -4.3723606e+00
   5.5000000e+01   2.5000000e+00  -6.1987873e+00
   1.7000000e+01   2.5000000e+00  -5.1084340e+00
   3.9000000e+01   2.5000000e+00  -4.7687264e+00
   2.8000000e+01   2.5000000e+00  -5.7556656e+00
   5.8000000e+01   2.5800000e+00  -6.3933774e+00
   5.6000000e+01   2.5800000e+00  -5.0643532e+00
   2.1000000e+01   3.0000000e+00  -3.7659994e+00
   6.0000000e+01   3.0000000e+00  -4.2957781e+00
   1.9000000e+01   3.0000000e+00  -3.7616278e+00
   4.4000000e+01   3.0000000e+00  -5.1579798e+00
   3.4000000e+01   3.0000000e+00  -5.1464583e+00
   2.8000000e+01   3.0000000e+00  -4.0420741e+00
   1.3000000e+01   2.5571429e+00  -3.9906121e+00
   5.8000000e+01   2.5571429e+00  -6.0162114e+00
   1.3000000e+01   2.5571429e+00  -4.3480628e+00
   4.8000000e+01   2.5571429e+00  -4.5384539e+00
   4.0000000e+01   2.5571429e+00  -5.0924440e+00
   2.8000000e+01   2.5571429e+00  -3.9342935e+00
   2.7000000e+01   2.5571429e+00  -4.6156115e+00
   6.1000000e+01   2.9142857e+00  -4.8391118e+00
   6.0000000e+01   2.9142857e+00  -4.2275586e+00
   6.9000000e+01   2.9142857e+00  -5.6629864e+00
   5.5000000e+01   2.9142857e+00  -5.6088582e+00
   2.4000000e+01   2.5750000e+00  -4.0794753e+00
   4.1000000e+01   2.5750000e+00  -4.2604499e+00
   1.6000000e+01   2.5750000e+00  -3.8180968e+00
   2.9000000e+01   2.5750000e+00  -4.5397817e+00
   6.3000000e+01   3.1333333e+00  -4.8708617e+00
   1.8000000e+01   2.4777778e+00  -3.9013310e+00
   6.2000000e+01   2.4777778e+00  -4.7196675e+00
   1.1000000e+01   2.4777778e+00  -3.8075837e+00
   4.4000000e+01   2.4777778e+00  -5.6379305e+00
   4.5000000e+01   2.4777778e+00  -5.5738702e+00
   5.6000000e+01   2.4777778e+00  -6.2491042e+00
   3.3000000e+01   2.4777778e+00  -5.4446784e+00
   2.3000000e+01   2.4777778e+00  -4.7033214e+00
   5.4000000e+01   2.3500000e+00  -6.4552978e+00
   4.8000000e+01   2.3500000e+00  -5.4816061e+00
   5.7000000e+01   2.3500000e+00  -5.9293502e+00
   5.7000000e+01   2.6000000e+00  -5.7882471e+00
   6.0000000e+01   2.6000000e+00  -5.6996848e+00
   5.5000000e+01   2.6000000e+00  -4.6093968e+00
   5.8000000e+01   2.6000000e+00  -4.9040113e+00
   6.9000000e+01   2.9666667e+00  -5.2966032e+00
   5.6000000e+01   2.9666667e+00  -5.1938853e+00
   1.9000000e+01   2.9666667e+00  -3.4043287e+00
   5.0000000e+01   2.9666667e+00  -4.8717608e+00
   4.0000000e+01   2.9666667e+00  -4.6460032e+00
   3.1000000e+01   2.9666667e+00  -3.9605978e+00
   2.9000000e+01   2.9666667e+00  -4.7986231e+00
   5.6000000e+01   2.6333333e+00  -6.3876611e+00
   6.8000000e+01   2.6333333e+00  -5.1306811e+00
   5.5000000e+01   2.6333333e+00  -4.6315902e+00
   6.0000000e+01   2.6333333e+00  -4.8269938e+00
   4.3000000e+01   2.6428571e+00  -4.8833841e+00
   5.1000000e+01   2.6428571e+00  -5.4626021e+00
   3.2000000e+01   2.6428571e+00  -4.7834248e+00
   4.5000000e+01   2.6428571e+00  -5.4560670e+00
   3.8000000e+01   2.6428571e+00  -5.7450952e+00
   4.2000000e+01   2.6428571e+00  -4.6330501e+00
   3.8000000e+01   2.5000000e+00  -5.4578864e+00
   4.2000000e+01   2.5000000e+00  -5.2234763e+00
   3.7000000e+01   2.5000000e+00  -5.3657926e+00
   3.1000000e+01   2.5000000e+00  -5.7814287e+00
   5.9000000e+01   2.5250000e+00  -6.6277051e+00
   6.3000000e+01   2.5250000e+00  -6.0041487e+00
   3.2000000e+01   2.7000000e+00  -4.8936999e+00
   3.3000000e+01   2.7000000e+00  -4.9068123e+00
   1.4000000e+01   2.7000000e+00  -3.5685511e+00
   2.5000000e+01   2.7000000e+00  -5.2557325e+00
   5.3000000e+01   2.7000000e+00  -5.1224941e+00
   6.5000000e+01   2.7000000e+00  -4.7455419e+00
   4.8000000e+01   2.7000000e+00  -5.0875837e+00
   5.7000000e+01   2.7000000e+00  -5.4367607e+00
   5.6000000e+01   2.5142857e+00  -6.3570184e+00
   6.5000000e+01   2.5142857e+00  -5.4469378e+00
   5.0000000e+01   2.5142857e+00  -6.5055976e+00
   5.9000000e+01   2.5142857e+00  -4.7280602e+00
   6.2000000e+01   2.6750000e+00  -6.3950252e+00
   6.3000000e+01   2.6750000e+00  -6.4260795e+00
   6.4000000e+01   2.6750000e+00  -6.3691493e+00
   6.8000000e+01   2.4857143e+00  -6.4820299e+00
   6.7000000e+01   2.4857143e+00  -4.9796080e+00
   4.8000000e+01   2.6222222e+00  -4.8995678e+00
   2.2000000e+01   2.6222222e+00  -4.2311100e+00
   3.1000000e+01   2.6222222e+00  -5.0104983e+00
   5.5000000e+01   2.6222222e+00  -5.8242745e+00
   6.0000000e+01   2.6222222e+00  -6.3489922e+00
   4.1000000e+01   2.6222222e+00  -4.3237592e+00
   1.6000000e+01   2.6222222e+00  -3.6934579e+00
   4.5000000e+01   3.0833333e+00  -4.9538714e+00
   4.0000000e+01   3.0833333e+00  -4.2915075e+00
   4.1000000e+01   3.0833333e+00  -3.8546155e+00
   6.0000000e+01   3.0833333e+00  -5.1281417e+00
   5.6000000e+01   2.5750000e+00  -5.3477411e+00
   6.7000000e+01   2.5750000e+00  -4.9863876e+00
   5.0000000e+01   2.5750000e+00  -6.0082494e+00
   5.2000000e+01   2.5200000e+00  -4.8573829e+00
   5.2000000e+01   2.5200000e+00  -6.3735498e+00
   6.9000000e+01   2.5200000e+00  -5.6953346e+00
   5.5000000e+01   2.2500000e+00  -6.3038064e+00
   5.0000000e+01   2.2500000e+00  -5.0097952e+00
   5.8000000e+01   2.2500000e+00  -5.7665492e+00
   1.6000000e+01   2.6285714e+00  -4.6000950e+00
   4.7000000e+01   2.6285714e+00  -4.3355493e+00
   4.1000000e+01   2.6285714e+00  -5.1766683e+00
   3.1000000e+01   2.6285714e+00  -5.5376895e+00
   2.7000000e+01   2.6285714e+00  -4.0383329e+00
   6.4000000e+01   2.7400000e+00  -6.1630117e+00
   4.8000000e+01   2.7400000e+00  -4.5677106e+00
   5.1000000e+01   2.7400000e+00  -4.8925620e+00
   4.6000000e+01   2.7000000e+00  -5.4292723e+00
   5.5000000e+01   2.7000000e+00  -5.6054715e+00
   4.1000000e+01   2.7000000e+00  -4.3643923e+00
   4.8000000e+01   2.7000000e+00  -5.4716861e+00
   5.8000000e+01   2.4600000e+00  -4.7953716e+00
   6.3000000e+01   2.4600000e+00  -6.5366395e+00
   5.4000000e+01   2.4600000e+00  -6.0434452e+00
   3.3000000e+01   2.3666667e+00  -4.8632773e+00
   3.8000000e+01   2.3666667e+00  -5.2864892e+00
   3.3000000e+01   2.3666667e+00  -6.2018530e+00
   5.5000000e+01   2.5200000e+00  -4.5992481e+00
   4.2000000e+01   2.5200000e+00  -4.4848109e+00
   6.2000000e+01   2.5200000e+00  -5.3821796e+00
   3.1000000e+01   2.5200000e+00  -5.5469778e+00
   3.0000000e+01   2.5200000e+00  -4.6216975e+00
   3.3000000e+01   2.3800000e+00  -4.2494675e+00
   2.8000000e+01   2.3800000e+00  -5.8361163e+00
   3.9000000e+01   2.3800000e+00  -4.6457804e+00
   3.0000000e+01   2.3800000e+00  -4.2991221e+00
   4.9000000e+01   2.4250000e+00  -5.0823455e+00
   5.0000000e+01   2.4250000e+00  -4.7034719e+00
   4.7000000e+01   2.4250000e+00  -5.5394563e+00
   3.2000000e+01   3.6555556e+00  -3.3870458e+00
   2.7000000e+01   3.6555556e+00  -3.4805306e+00
   3.8000000e+01   3.6555556e+00  -3.8885397e+00
   6.9000000e+01   3.6555556e+00  -4.5510765e+00
   2.9000000e+01   3.6555556e+00  -3.0315414e+00
   3.2000000e+01   2.6166667e+00  -4.2002765e+00
   2.7000000e+01   2.6166667e+00  -4.8857496e+00
   3.7000000e+01   2.6166667e+00  -4.4052738e+00
   2.9000000e+01   2.6166667e+00  -4.2500253e+00
   3.3000000e+01   2.4800000e+00  -5.5361855e+00
   2.8000000e+01   2.4800000e+00  -4.2431880e+00
   3.8000000e+01   2.4800000e+00  -4.4400637e+00
   3.0000000e+01   2.4800000e+00  -4.4341596e+00
   3.4000000e+01   3.4250000e+00  -3.3788402e+00
   2.9000000e+01   3.4250000e+00  -3.5994391e+00
   3.9000000e+01   3.4250000e+00  -4.6039365e+00
   3.1000000e+01   3.4250000e+00  -4.3778086e+00
   6.9000000e+01   3.3111111e+00  -5.1590366e+00
   3.8000000e+01   2.8142857e+00  -4.7920409e+00
   3.2000000e+01   2.8142857e+00  -4.0078548e+00
   2.8000000e+01   2.8142857e+00  -4.9977487e+00
   4.8000000e+01   2.8142857e+00  -5.3842929e+00
   3.7000000e+01   2.8142857e+00  -5.4621443e+00
   3.1000000e+01   2.8142857e+00  -5.0679466e+00
   1.4000000e+01   2.7000000e+00  -3.6264119e+00
   3.9000000e+01   2.7000000e+00  -5.5823000e+00
   2.9000000e+01   2.7000000e+00  -4.6690841e+00
   5.9000000e+01   2.7000000e+00  -4.4434962e+00
   7.0000000e+00   2.7000000e+00  -3.1467384e+00
   2.6000000e+01   2.7000000e+00  -5.4275759e+00
   2.2000000e+01   2.7000000e+00  -4.9411221e+00
   1.6000000e+01   2.6000000e+00  -3.6009175e+00
   3.2000000e+01   2.6000000e+00  -4.6193116e+00
   5.9000000e+01   2.6000000e+00  -6.5698732e+00
   1.1000000e+01   2.6000000e+00  -4.1871684e+00
   2.4000000e+01   2.6000000e+00  -4.0287930e+00
   6.0000000e+01   2.4000000e+00  -5.7947592e+00
   6.5000000e+01   2.4000000e+00  -6.0881682e+00
   5.6000000e+01   2.4000000e+00  -6.8099243e+00
   3.9000000e+01   2.3000000e+00  -5.4915985e+00
   6.2000000e+01   2.3000000e+00  -5.8691837e+00
   5.6000000e+01   2.3000000e+00  -5.3955489e+00
   6.8000000e+01   2.3000000e+00  -6.9451205e+00
   4.5000000e+01   2.3000000e+00  -5.1263537e+00
   5.8000000e+01   3.2200000e+00  -5.3624173e+00
   6.2000000e+01   3.2200000e+00  -5.1457409e+00
   5.3000000e+01   3.2200000e+00  -3.9813479e+00
   5.4000000e+01   3.2200000e+00  -4.1638778e+00
   5.8000000e+01   2.8400000e+00  -5.7708793e+00
   6.3000000e+01   2.8400000e+00  -4.6365736e+00
   5.3000000e+01   2.8400000e+00  -4.9904053e+00
   5.7000000e+01   2.5857143e+00  -5.5856625e+00
   6.2000000e+01   2.5857143e+00  -5.7765230e+00
   5.3000000e+01   2.5857143e+00  -4.6477141e+00
   5.7000000e+01   2.2400000e+00  -5.4312635e+00
   6.2000000e+01   2.2400000e+00  -5.9972308e+00
   5.3000000e+01   2.2400000e+00  -4.8274312e+00
   6.9000000e+01   2.6285714e+00  -4.6851837e+00
   6.9000000e+01   2.6285714e+00  -5.4030528e+00
   6.9000000e+01   2.6285714e+00  -5.1354665e+00
   6.9000000e+01   2.6142857e+00  -4.9473463e+00
   6.9000000e+01   3.0000000e+00  -4.8424715e+00
   6.6000000e+01   3.1428571e+00  -5.6392343e+00
   4.9000000e+01   3.1428571e+00  -3.8730373e+00
   6.1000000e+01   3.1428571e+00  -4.8639403e+00
   6.6000000e+01   2.2000000e+00  -6.6903864e+00
   4.8000000e+01   2.2000000e+00  -6.1062275e+00
   6.1000000e+01   2.2000000e+00  -6.0736241e+00
   6.8000000e+01   2.6166667e+00  -6.5706537e+00
   5.0000000e+01   2.6166667e+00  -6.0420691e+00
   6.2000000e+01   2.6166667e+00  -4.9110352e+00
   6.8000000e+01   2.5833333e+00  -6.1466087e+00
   4.9000000e+01   2.5833333e+00  -5.9850468e+00
   6.1000000e+01   2.5833333e+00  -6.4711593e+00
   6.6000000e+01   2.3500000e+00  -6.6009800e+00
   4.8000000e+01   2.3500000e+00  -5.7731281e+00
   6.1000000e+01   2.3500000e+00  -5.4913734e+00
   6.9000000e+01   2.2250000e+00  -6.1779175e+00
   5.1000000e+01   2.2250000e+00  -5.4293970e+00
   6.3000000e+01   2.2250000e+00  -7.3265976e+00
   6.8000000e+01   2.2000000e+00  -7.0047717e+00
   5.1000000e+01   2.2000000e+00  -4.9381242e+00
   6.3000000e+01   2.2000000e+00  -6.9539235e+00
   6.7000000e+01   2.3250000e+00  -5.2552092e+00
   4.9000000e+01   2.3250000e+00  -5.8953579e+00
   6.1000000e+01   2.3250000e+00  -5.4967394e+00
   6.7000000e+01   3.0888889e+00  -5.0725592e+00
   4.7000000e+01   3.0888889e+00  -4.4920770e+00
   4.6000000e+01   3.0888889e+00  -5.2506912e+00
   5.0000000e+01   3.0888889e+00  -4.1024814e+00
   4.8000000e+01   3.0888889e+00  -4.0848057e+00
   5.7000000e+01   3.0888889e+00  -5.2523854e+00
   6.8000000e+01   2.4600000e+00  -6.2943138e+00
   5.0000000e+01   2.4600000e+00  -5.6330042e+00
   6.2000000e+01   2.4600000e+00  -5.2122590e+00
   6.7000000e+01   2.5000000e+00  -4.8028435e+00
   4.9000000e+01   2.5000000e+00  -4.7260151e+00
   6.1000000e+01   2.5000000e+00  -6.0320699e+00
   3.9000000e+01   2.9857143e+00  -5.1802366e+00
   3.0000000e+01   2.9857143e+00  -4.3540798e+00
   3.3000000e+01   2.9857143e+00  -5.1863445e+00
   5.2000000e+01   2.9857143e+00  -5.1599141e+00
   3.3000000e+01   2.9857143e+00  -4.7934711e+00
   6.3000000e+01   2.3200000e+00  -5.4282348e+00
   6.9000000e+01   2.3200000e+00  -6.8131424e+00
   4.9000000e+01   2.3200000e+00  -4.9859472e+00
   5.8000000e+01   2.3200000e+00  -6.4175682e+00
   5.7000000e+01   2.9000000e+00  -5.2069967e+00
   1.7000000e+01   2.9000000e+00  -4.6979067e+00
   4.9000000e+01   2.9000000e+00  -5.4322475e+00
   3.0000000e+01   2.9000000e+00  -4.4881833e+00
   2.9000000e+01   2.9000000e+00  -4.5644886e+00
   5.9000000e+01   2.4714286e+00  -5.6479039e+00
   6.0000000e+01   2.4714286e+00  -4.8965569e+00
   5.4000000e+01   2.4714286e+00  -5.2008040e+00
   5.7000000e+01   2.4714286e+00  -6.2738640e+00
   5.9000000e+01   2.5571429e+00  -5.8725564e+00
   6.0000000e+01   2.5571429e+00  -4.7141975e+00
   5.4000000e+01   2.5571429e+00  -6.5131350e+00
   5.8000000e+01   2.5571429e+00  -5.2530943e+00
   6.7000000e+01   2.7444444e+00  -6.1004529e+00
   6.1000000e+01   2.7444444e+00  -4.8425367e+00
   6.3000000e+01   2.7444444e+00  -5.3524120e+00
   6.3000000e+01   2.4750000e+00  -6.1362898e+00
   6.8000000e+01   2.4750000e+00  -6.9925151e+00
   5.8000000e+01   2.4750000e+00  -6.1195250e+00
   6.0000000e+01   2.4750000e+00  -5.6398987e+00
   6.0000000e+01   2.5000000e+00  -5.6706670e+00
   6.7000000e+01   2.5000000e+00  -4.9501404e+00
   5.6000000e+01   4.7066667e+00  -2.7286416e+00
   5.6000000e+01   4.7066667e+00  -2.7423901e+00
   5.2000000e+01   4.7066667e+00  -2.1058387e+00
   5.5000000e+01   4.7066667e+00  -2.9644732e+00
   5.6000000e+01   2.8666667e+00  -5.9968803e+00
   5.7000000e+01   2.8666667e+00  -5.2928658e+00
   5.2000000e+01   2.8666667e+00  -5.7963906e+00
   5.5000000e+01   2.8666667e+00  -5.4813435e+00
   5.6000000e+01   2.7600000e+00  -5.8126293e+00
   5.7000000e+01   2.7600000e+00  -4.9364034e+00
   5.1000000e+01   2.7600000e+00  -4.5772916e+00
   5.5000000e+01   2.7600000e+00  -5.8765420e+00
   5.6000000e+01   2.7444444e+00  -4.7918960e+00
   5.7000000e+01   2.7444444e+00  -4.9798939e+00
   5.1000000e+01   2.7444444e+00  -4.6565808e+00
   5.5000000e+01   2.7444444e+00  -5.1686433e+00
   5.7000000e+01   4.5416667e+00  -2.7723934e+00
   5.8000000e+01   4.5416667e+00  -2.6856595e+00
   5.2000000e+01   4.5416667e+00  -2.9023616e+00
   5.6000000e+01   4.5416667e+00  -2.4033648e+00
   5.5000000e+01   2.5857143e+00  -5.5594772e+00
   5.6000000e+01   2.5857143e+00  -5.6957941e+00
   5.0000000e+01   2.5857143e+00  -5.2985549e+00
   5.4000000e+01   2.5857143e+00  -4.8430670e+00
   5.9000000e+01   4.4166667e+00  -2.4706066e+00
   6.0000000e+01   4.4166667e+00  -3.5031210e+00
   5.3000000e+01   4.4166667e+00  -2.3716128e+00
   5.7000000e+01   4.4166667e+00  -2.8687969e+00
   5.5000000e+01   3.0900000e+00  -4.5382606e+00
   5.6000000e+01   3.0900000e+00  -5.5708674e+00
   5.0000000e+01   3.0900000e+00  -4.7394796e+00
   5.4000000e+01   3.0900000e+00  -4.3051242e+00
   5.5000000e+01   3.1111111e+00  -4.7905182e+00
   5.6000000e+01   3.1111111e+00  -4.5409796e+00
   5.0000000e+01   3.1111111e+00  -4.6812729e+00
   5.4000000e+01   3.1111111e+00  -5.4094806e+00
   5.8000000e+01   2.3833333e+00  -6.1822909e+00
   5.6000000e+01   2.3833333e+00  -4.8309184e+00
   5.7000000e+01   2.5714286e+00  -5.9741330e+00
   5.7000000e+01   2.5714286e+00  -5.2318470e+00
   5.2000000e+01   2.5714286e+00  -4.6633386e+00
   5.6000000e+01   2.5714286e+00  -5.9246199e+00
   5.7000000e+01   2.8333333e+00  -5.1387087e+00
   5.7000000e+01   2.8333333e+00  -4.4577684e+00
   5.2000000e+01   2.8333333e+00  -5.1058143e+00
   5.6000000e+01   2.8333333e+00  -5.1151202e+00
   5.8000000e+01   4.2117647e+00  -3.2142023e+00
   5.9000000e+01   4.2117647e+00  -3.2576210e+00
   5.4000000e+01   4.2117647e+00  -2.9118909e+00
   5.7000000e+01   4.2117647e+00  -3.5960718e+00
   4.8000000e+01   2.9285714e+00  -5.4064831e+00
   4.8000000e+01   2.9285714e+00  -4.3451701e+00
   6.6000000e+01   2.9285714e+00  -5.2943833e+00
   3.7000000e+01   2.9285714e+00  -4.5231753e+00
   6.0000000e+01   2.9285714e+00  -5.7064508e+00
   4.8000000e+01   2.9285714e+00  -4.7138432e+00
   3.4000000e+01   2.9285714e+00  -4.0085234e+00
   5.7000000e+01   2.6111111e+00  -5.1402298e+00
   1.6000000e+01   2.6111111e+00  -5.0657780e+00
   5.2000000e+01   2.6111111e+00  -6.0250975e+00
   4.1000000e+01   2.6111111e+00  -5.6826986e+00
   5.8000000e+01   2.6111111e+00  -5.4448099e+00
   3.2000000e+01   2.6111111e+00  -5.3522766e+00
   2.6000000e+01   2.6111111e+00  -5.1423433e+00
   5.8000000e+01   3.0083333e+00  -4.8485496e+00
   3.7000000e+01   3.0083333e+00  -4.2245321e+00
   1.7000000e+01   3.0083333e+00  -4.3589173e+00
   1.3000000e+01   3.0083333e+00  -3.1892770e+00
   3.4000000e+01   3.0083333e+00  -4.3819362e+00
   2.3000000e+01   3.0083333e+00  -4.5914747e+00
   2.4000000e+01   3.0083333e+00  -3.4272535e+00
   5.9000000e+01   2.6600000e+00  -5.5262657e+00
   4.5000000e+01   2.6600000e+00  -5.6177196e+00
   4.8000000e+01   2.6600000e+00  -4.6933057e+00
   4.5000000e+01   3.0800000e+00  -4.8174377e+00
   4.8000000e+01   3.0800000e+00  -4.0578158e+00
   3.5000000e+01   3.0800000e+00  -3.8866363e+00
   6.7000000e+01   2.5500000e+00  -5.4074419e+00
   4.9000000e+01   2.5500000e+00  -6.0700643e+00
   6.3000000e+01   2.3750000e+00  -5.5969831e+00
   6.7000000e+01   2.3750000e+00  -4.9939300e+00
   5.0000000e+01   2.3750000e+00  -6.4249124e+00
   6.0000000e+01   2.4250000e+00  -5.8276139e+00
   6.3000000e+01   2.4250000e+00  -5.4943790e+00
   4.7000000e+01   2.4250000e+00  -6.2771655e+00
   3.6000000e+01   3.3875000e+00  -3.9669905e+00
   5.9000000e+01   3.3875000e+00  -5.2391738e+00
   5.3000000e+01   3.3875000e+00  -4.3957393e+00
   5.3000000e+01   3.3875000e+00  -4.0774164e+00
   5.8000000e+01   2.2666667e+00  -5.5012357e+00
   6.3000000e+01   2.2666667e+00  -5.7843603e+00
   5.3000000e+01   2.2666667e+00  -5.7654532e+00
   5.5000000e+01   2.5250000e+00  -5.1661716e+00
   1.8000000e+01   2.5250000e+00  -4.9662059e+00
   3.9000000e+01   2.5250000e+00  -4.4432859e+00
   3.0000000e+01   2.5250000e+00  -5.7336742e+00
   5.8000000e+01   2.6600000e+00  -4.8195329e+00
   5.2000000e+01   2.6600000e+00  -5.6972355e+00
   6.9000000e+01   2.6600000e+00  -6.7763938e+00
   5.7000000e+01   2.9333333e+00  -4.5604279e+00
   6.1000000e+01   2.9333333e+00  -5.6087544e+00
   5.3000000e+01   2.9333333e+00  -4.3030679e+00
   6.5000000e+01   2.3600000e+00  -5.3387538e+00
   1.0000000e+01   2.3600000e+00  -4.5282133e+00
   4.8000000e+01   2.3600000e+00  -5.1289668e+00
   4.2000000e+01   2.3600000e+00  -6.4321304e+00
   4.8000000e+01   2.3600000e+00  -6.6419902e+00
   6.5000000e+01   2.4750000e+00  -5.5165121e+00
   6.9000000e+01   2.4750000e+00  -5.6830926e+00
   6.1000000e+01   2.4750000e+00  -6.2334933e+00
   6.1000000e+01   2.6600000e+00  -5.6134690e+00
   1.7000000e+01   2.6600000e+00  -4.6844049e+00
   5.0000000e+01   2.6600000e+00  -4.6116279e+00
   4.6000000e+01   2.6600000e+00  -4.5708732e+00
   3.5000000e+01   2.6600000e+00  -4.3023121e+00
   5.9000000e+01   2.4750000e+00  -4.9267018e+00
   6.3000000e+01   2.4750000e+00  -5.4607505e+00
   5.3000000e+01   2.4750000e+00  -4.7492521e+00
   6.3000000e+01   2.7600000e+00  -5.5671570e+00
   3.7000000e+01   2.5250000e+00  -6.0035564e+00
   4.1000000e+01   2.5250000e+00  -5.2929279e+00
   2.8000000e+01   2.5250000e+00  -5.3217717e+00
   3.2000000e+01   2.5250000e+00  -4.6569518e+00
   6.3000000e+01   2.6250000e+00  -5.7314386e+00
   6.3000000e+01   2.6250000e+00  -5.9602533e+00
   5.5000000e+01   2.7250000e+00  -5.9173976e+00
   1.6000000e+01   2.7250000e+00  -4.3534800e+00
   3.8000000e+01   2.7250000e+00  -5.2538970e+00
   2.6000000e+01   2.7250000e+00  -5.0477832e+00
   6.3000000e+01   2.7800000e+00  -5.9837090e+00
   6.8000000e+01   2.7800000e+00  -6.3131519e+00
   6.7000000e+01   3.7500000e+00  -3.6462974e+00
   6.1000000e+01   3.7500000e+00  -3.5414779e+00
   1.8000000e+01   2.4400000e+00  -4.3375389e+00
   4.8000000e+01   2.4400000e+00  -5.3852784e+00
   3.1000000e+01   2.4400000e+00  -5.4668123e+00
   6.3000000e+01   2.4400000e+00  -4.9614725e+00
   2.2000000e+01   2.7000000e+00  -3.9160025e+00
   4.8000000e+01   2.7000000e+00  -5.2942887e+00
   3.1000000e+01   2.7000000e+00  -3.9196034e+00
   5.9000000e+01   2.7000000e+00  -6.2555916e+00
   2.8000000e+01   2.7000000e+00  -4.8269893e+00
   3.8000000e+01   3.0833333e+00  -4.0001302e+00
   3.3000000e+01   3.0833333e+00  -4.2384756e+00
   3.5000000e+01   3.0833333e+00  -3.8947396e+00
   3.5000000e+01   3.0833333e+00  -4.4368401e+00
   3.4000000e+01   3.0833333e+00  -3.5089777e+00
   6.6000000e+01   2.7000000e+00  -6.2981891e+00
   4.9000000e+01   2.7000000e+00  -4.5969386e+00
   4.7000000e+01   2.5000000e+00  -5.3353987e+00
   4.1000000e+01   2.5000000e+00  -5.5224926e+00
   1.2000000e+01   2.4333333e+00  -4.6405963e+00
   7.0000000e+00   2.4333333e+00  -4.1959602e+00
   3.2000000e+01   2.4333333e+00  -4.9674376e+00
   6.7000000e+01   2.6250000e+00  -4.6938415e+00
   6.7000000e+01   3.3333333e+00  -4.4798842e+00
   6.2000000e+01   2.9800000e+00  -5.7625630e+00
   6.6000000e+01   2.9800000e+00  -4.6291930e+00
   5.0000000e+01   2.9800000e+00  -4.4183768e+00
   6.3000000e+01   3.9750000e+00  -3.6262132e+00
   6.9000000e+01   3.9750000e+00  -3.4809265e+00
   6.4000000e+01   3.9750000e+00  -3.4129200e+00
   6.3000000e+01   2.4333333e+00  -5.5166314e+00
   6.2000000e+01   2.9000000e+00  -5.1604835e+00
   2.1000000e+01   2.4166667e+00  -4.7499495e+00
   1.9000000e+01   2.4166667e+00  -4.8596182e+00
   3.9000000e+01   2.4166667e+00  -4.7042000e+00
   1.6000000e+01   2.4166667e+00  -4.0779838e+00
   3.4000000e+01   2.4166667e+00  -5.3354416e+00
   6.3000000e+01   2.5250000e+00  -4.9358630e+00
   4.9000000e+01   2.5250000e+00  -5.3210241e+00
   6.6000000e+01   3.1857143e+00  -4.1018443e+00
   6.6000000e+01   2.4000000e+00  -5.7505096e+00
   6.8000000e+01   2.4250000e+00  -7.0117082e+00
   6.9000000e+01   2.4250000e+00  -5.9188413e+00
   6.9000000e+01   3.1666667e+00  -5.8015849e+00
   3.4000000e+01   3.2625000e+00  -4.4718492e+00
   4.7000000e+01   3.2625000e+00  -3.6796997e+00
   4.2000000e+01   3.2625000e+00  -4.0335707e+00
   5.5000000e+01   3.2625000e+00  -4.8682768e+00
   2.6000000e+01   3.2625000e+00  -3.8433242e+00
   3.9000000e+01   3.2625000e+00  -4.7247046e+00
   4.9000000e+01   2.7750000e+00  -4.5777663e+00
   3.3000000e+01   2.7750000e+00  -3.8824356e+00
   2.2000000e+01   2.7750000e+00  -4.5485113e+00
   5.5000000e+01   2.4250000e+00  -5.6585614e+00
   3.2000000e+01   2.4250000e+00  -4.3792910e+00
   3.6000000e+01   2.4250000e+00  -5.0425086e+00
   3.9000000e+01   2.4250000e+00  -5.1666142e+00
   6.3000000e+01   2.2750000e+00  -5.0424887e+00
   6.6000000e+01   2.2750000e+00  -5.0256788e+00
   5.0000000e+01   2.2750000e+00  -5.7071106e+00
   6.9000000e+01   3.2250000e+00  -4.9155087e+00
   6.3000000e+01   3.6444444e+00  -4.1300098e+00
   1.6000000e+01   3.6444444e+00  -2.5547148e+00
   5.2000000e+01   3.6444444e+00  -3.8143130e+00
   4.6000000e+01   3.6444444e+00  -3.4998398e+00
   4.6000000e+01   3.6444444e+00  -3.2411696e+00
   3.4000000e+01   3.6444444e+00  -3.2277256e+00
   2.8000000e+01   3.3666667e+00  -3.2577721e+00
   4.9000000e+01   3.3666667e+00  -3.7344551e+00
   4.5000000e+01   3.3666667e+00  -4.0426731e+00
   6.8000000e+01   3.3666667e+00  -4.5496207e+00
   6.1000000e+01   3.3666667e+00  -3.7324674e+00
   4.2000000e+01   3.0857143e+00  -4.9918600e+00
   6.8000000e+01   3.0857143e+00  -5.8072914e+00
   3.1000000e+01   3.0857143e+00  -4.3573236e+00
   5.1000000e+01   3.0857143e+00  -4.2364717e+00
   4.6000000e+01   3.0857143e+00  -5.4061886e+00
   5.9000000e+01   2.9600000e+00  -5.0355591e+00
   5.9000000e+01   2.9600000e+00  -4.9803905e+00
   5.8000000e+01   2.9600000e+00  -5.8447200e+00
   6.8000000e+01   3.1285714e+00  -4.6480914e+00
   4.3000000e+01   3.1285714e+00  -5.1453686e+00
   5.0000000e+01   3.1285714e+00  -4.7363131e+00
   6.8000000e+01   2.6333333e+00  -6.2374326e+00
   5.7000000e+01   2.6333333e+00  -5.2886096e+00
   4.9000000e+01   3.0200000e+00  -4.4033698e+00
   5.5000000e+01   3.0200000e+00  -4.3626701e+00
   2.8000000e+01   3.0200000e+00  -4.1183372e+00
   3.1000000e+01   3.9600000e+00  -3.4284338e+00
   6.7000000e+01   3.9600000e+00  -3.2547174e+00
   6.3000000e+01   3.9600000e+00  -4.0175841e+00
   3.0000000e+01   3.7000000e+00  -3.4885133e+00
   5.5000000e+01   3.1333333e+00  -4.9568663e+00
   3.6000000e+01   3.1333333e+00  -3.8526508e+00
   5.9000000e+01   3.5000000e+00  -4.4110314e+00
   2.3000000e+01   3.5000000e+00  -3.3262426e+00
   6.6000000e+01   3.5000000e+00  -4.3221110e+00
   4.9000000e+01   3.0714286e+00  -5.2137491e+00
   6.0000000e+01   3.5166667e+00  -3.6408954e+00
   3.2000000e+01   3.5166667e+00  -4.0631134e+00
   3.2000000e+01   2.9833333e+00  -4.2233785e+00
   4.8000000e+01   2.9833333e+00  -4.6553553e+00
   5.9000000e+01   3.6800000e+00  -4.6969383e+00
   6.0000000e+01   3.6800000e+00  -3.7119285e+00
   3.1000000e+01   3.6800000e+00  -3.9107862e+00
   5.9000000e+01   4.3000000e+00  -3.7036339e+00
   6.0000000e+01   4.3000000e+00  -3.4879512e+00
   5.8000000e+01   3.1000000e+00  -5.6281041e+00
   6.5000000e+01   3.1000000e+00  -5.9105501e+00
   3.4000000e+01   3.1000000e+00  -3.5957077e+00
   6.3000000e+01   3.1833333e+00  -5.5288673e+00
   6.8000000e+01   3.1833333e+00  -4.1481310e+00
   6.1000000e+01   2.6166667e+00  -5.0409697e+00
   2.9000000e+01   2.6166667e+00  -4.7208881e+00
   2.4000000e+01   2.6166667e+00  -3.9642894e+00
   2.7000000e+01   3.0166667e+00  -4.0328297e+00
   4.6000000e+01   4.2400000e+00  -3.3239698e+00
   6.9000000e+01   2.9333333e+00  -5.5772608e+00
   3.5000000e+01   2.9333333e+00  -4.3896493e+00
   5.7000000e+01   2.9333333e+00  -5.3864294e+00
   6.8000000e+01   2.9571429e+00  -5.7216001e+00
   5.2000000e+01   2.9571429e+00  -4.5545735e+00
   3.7000000e+01   2.9571429e+00  -4.1553993e+00
   6.4000000e+01   3.2800000e+00  -4.2502731e+00
   5.6000000e+01   3.0833333e+00  -4.5494257e+00
   5.1000000e+01   3.1571429e+00  -4.2665674e+00
   5.3000000e+01   3.5000000e+00  -3.9262231e+00
   4.8000000e+01   3.5000000e+00  -4.0411717e+00
   6.2000000e+01   3.1166667e+00  -5.3513647e+00
   6.9000000e+01   3.1428571e+00  -4.4011534e+00
   5.6000000e+01   3.1428571e+00  -3.8694476e+00
   5.2000000e+01   3.1428571e+00  -4.0450321e+00
   3.8000000e+01   3.1428571e+00  -4.6926901e+00
   6.0000000e+01   3.0000000e+00  -4.3779142e+00
   6.5000000e+01   3.0000000e+00  -5.3163126e+00
   2.4000000e+01   3.0000000e+00  -3.9089716e+00
   3.0000000e+01   3.6833333e+00  -3.7871845e+00
   4.2000000e+01   3.6833333e+00  -3.5722755e+00
   6.7000000e+01   3.6833333e+00  -4.1399750e+00
   3.9000000e+01   4.8200000e+00  -2.2444597e+00
   4.3000000e+01   4.8200000e+00  -2.2703869e+00
   2.1000000e+01   3.1000000e+00  -4.0368197e+00
   6.4000000e+01   3.1000000e+00  -4.5639361e+00
   5.2000000e+01   3.4000000e+00  -4.7798146e+00
   2.9000000e+01   2.8800000e+00  -3.8017991e+00
   2.4000000e+01   2.8800000e+00  -4.5274929e+00
   5.3000000e+01   2.8800000e+00  -4.8321101e+00
   2.2000000e+01   3.4000000e+00  -3.4346954e+00
   6.8000000e+01   3.1200000e+00  -5.8409758e+00
   5.5000000e+01   3.0200000e+00  -3.9796108e+00
   5.7000000e+01   3.2714286e+00  -4.4738806e+00
   6.5000000e+01   3.2714286e+00  -5.5875323e+00
   2.9000000e+01   2.8000000e+00  -4.3011171e+00
   5.8000000e+01   2.8000000e+00  -5.1932329e+00
   3.5000000e+01   3.0333333e+00  -5.0653289e+00
   4.4000000e+01   3.0333333e+00  -4.8547361e+00
   6.2000000e+01   3.0333333e+00  -4.3346381e+00
   6.6000000e+01   3.2800000e+00  -5.5628397e+00
   5.9000000e+01   3.0750000e+00  -5.4651167e+00
   4.9000000e+01   2.9400000e+00  -5.3728840e+00
   3.3000000e+01   2.9400000e+00  -4.3590743e+00
   4.5000000e+01   3.1600000e+00  -4.0903786e+00
   2.9000000e+01   2.7800000e+00  -4.4987303e+00
   1.8000000e+01   3.1500000e+00  -3.1015443e+00
   6.3000000e+01   3.1500000e+00  -5.5558498e+00
   4.8000000e+01   3.1000000e+00  -4.5244880e+00
   3.5000000e+01   3.2875000e+00  -3.9395542e+00
   2.7000000e+01   3.2875000e+00  -4.1667378e+00
   1.4000000e+01   3.2875000e+00  -3.0458442e+00
   1.2000000e+01   3.2875000e+00  -3.1466425e+00
   3.8000000e+01   3.3000000e+00  -4.4266231e+00
   2.9000000e+01   3.3000000e+00  -4.2902864e+00
   1.7000000e+01   3.3000000e+00  -3.7584425e+00
   2.8000000e+01   4.1666667e+00  -2.1249791e+00
   1.6000000e+01   4.1666667e+00  -1.9124975e+00
   1.9000000e+01   4.1666667e+00  -2.1820000e+00
   3.4000000e+01   2.8200000e+00  -5.1178336e+00
   5.8000000e+01   2.8200000e+00  -5.3514553e+00
   2.9000000e+01   2.8200000e+00  -3.6680670e+00
   1.7000000e+01   2.8200000e+00  -4.3416107e+00
   2.0000000e+01   2.8200000e+00  -3.4946323e+00
   2.9000000e+01   3.1000000e+00  -3.6961758e+00
   1.7000000e+01   3.1000000e+00  -2.9986581e+00
   2.0000000e+01   3.1000000e+00  -4.4648759e+00
   3.4000000e+01   4.6200000e+00  -2.1769258e+00
   5.7000000e+01   4.6200000e+00  -2.6197160e+00
   2.8000000e+01   4.6200000e+00  -1.6305898e+00
   1.6000000e+01   4.6200000e+00  -1.2477919e+00
   2.0000000e+01   4.6200000e+00  -1.7006616e+00
   3.6000000e+01   3.2750000e+00  -3.4829945e+00
   4.9000000e+01   3.2750000e+00  -3.8204753e+00
   2.7000000e+01   3.2750000e+00  -3.2090154e+00
   1.5000000e+01   3.2750000e+00  -3.9000423e+00
   2.8000000e+01   3.5666667e+00  -3.6474674e+00
   1.5000000e+01   3.5666667e+00  -2.9462814e+00
   1.1000000e+01   3.5666667e+00  -2.7725936e+00
   3.5000000e+01   2.9888889e+00  -4.5816589e+00
   4.9000000e+01   2.9888889e+00  -5.2293896e+00
   2.6000000e+01   2.9888889e+00  -4.0036841e+00
   1.5000000e+01   2.9888889e+00  -3.2612307e+00
   9.0000000e+00   2.9888889e+00  -3.1057009e+00
   3.5000000e+01   2.7000000e+00  -4.2851615e+00
   5.6000000e+01   2.7000000e+00  -6.1998931e+00
   2.9000000e+01   2.7000000e+00  -5.2182514e+00
   1.7000000e+01   2.7000000e+00  -3.8597208e+00
   2.8000000e+01   3.3333333e+00  -3.3778445e+00
   1.6000000e+01   3.3333333e+00  -3.2532881e+00
   2.0000000e+01   3.3333333e+00  -4.0067426e+00
   2.8000000e+01   3.4333333e+00  -4.2070537e+00
   1.6000000e+01   3.4333333e+00  -2.9077395e+00
   2.0000000e+01   3.4333333e+00  -2.9360616e+00
   2.9000000e+01   3.0333333e+00  -4.2191506e+00
   1.6000000e+01   3.0333333e+00  -4.2537144e+00
   2.0000000e+01   3.0333333e+00  -3.8179768e+00
   2.9000000e+01   3.3000000e+00  -3.6118694e+00
   1.7000000e+01   3.3000000e+00  -3.5000810e+00
   1.9000000e+01   3.3000000e+00  -3.7155217e+00
   2.9000000e+01   3.8333333e+00  -3.1600024e+00
   1.6000000e+01   3.8333333e+00  -2.5012248e+00
   2.0000000e+01   3.8333333e+00  -2.5221055e+00
   2.8000000e+01   3.2000000e+00  -4.5956682e+00
   1.6000000e+01   3.2000000e+00  -3.4131362e+00
   1.9000000e+01   3.2000000e+00  -3.2147490e+00
   3.8000000e+01   3.1714286e+00  -4.4058774e+00
   2.9000000e+01   3.1714286e+00  -3.9915880e+00
   1.8000000e+01   3.1714286e+00  -3.7768563e+00
   8.0000000e+00   3.1714286e+00  -2.9034171e+00
   3.8000000e+01   3.1428571e+00  -4.0360371e+00
   4.7000000e+01   3.1428571e+00  -3.9909881e+00
   2.8000000e+01   3.1428571e+00  -4.7284272e+00
   1.7000000e+01   3.1428571e+00  -3.0527047e+00
   9.0000000e+00   3.1428571e+00  -3.1134195e+00
   3.7000000e+01   3.1111111e+00  -4.5828832e+00
   5.0000000e+01   3.1111111e+00  -4.6715531e+00
   2.9000000e+01   3.1111111e+00  -3.9581320e+00
   1.6000000e+01   3.1111111e+00  -4.1477514e+00
   1.2000000e+01   3.1111111e+00  -3.8009243e+00
   3.6000000e+01   3.2500000e+00  -4.5057053e+00
   4.9000000e+01   3.2500000e+00  -4.1377791e+00
   2.8000000e+01   3.2500000e+00  -3.7036000e+00
   1.5000000e+01   3.2500000e+00  -3.3298848e+00
   1.0000000e+01   3.2500000e+00  -2.7831060e+00
   2.6000000e+01   3.2666667e+00  -3.6881855e+00
   6.4000000e+01   3.2666667e+00  -4.4511969e+00
   2.2000000e+01   3.2666667e+00  -3.9907496e+00
   1.4000000e+01   3.2666667e+00  -2.7042059e+00
   2.3000000e+01   3.2666667e+00  -4.1303258e+00
   3.4000000e+01   3.9400000e+00  -2.8016933e+00
   4.9000000e+01   3.9400000e+00  -3.9427345e+00
   2.4000000e+01   3.9400000e+00  -2.8291287e+00
   1.5000000e+01   3.9400000e+00  -2.6618731e+00
   8.0000000e+00   3.9400000e+00  -2.0990984e+00
   3.3000000e+01   3.1000000e+00  -4.9611968e+00
   5.8000000e+01   3.1000000e+00  -5.2972927e+00
   2.7000000e+01   3.1000000e+00  -4.1140439e+00
   1.5000000e+01   3.1000000e+00  -3.3987747e+00
   1.9000000e+01   3.1000000e+00  -4.2739202e+00
   3.7000000e+01   2.8777778e+00  -4.5226115e+00
   4.9000000e+01   2.8777778e+00  -4.1202489e+00
   2.8000000e+01   2.8777778e+00  -4.4359944e+00
   1.7000000e+01   2.8777778e+00  -3.5143227e+00
   1.1000000e+01   2.8777778e+00  -3.4290538e+00
   3.5000000e+01   3.1375000e+00  -3.8764845e+00
   5.0000000e+01   3.1375000e+00  -4.3735147e+00
   2.6000000e+01   3.1375000e+00  -3.7048983e+00
   1.4000000e+01   3.1375000e+00  -4.0842565e+00
   1.0000000e+01   3.1375000e+00  -2.9417192e+00
   2.2000000e+01   3.3333333e+00  -3.9206216e+00
   1.6000000e+01   3.3333333e+00  -3.6347398e+00
   2.4000000e+01   3.3333333e+00  -3.3032498e+00
   3.4000000e+01   3.0000000e+00  -3.6138426e+00
   5.0000000e+01   3.0000000e+00  -4.9801141e+00
   2.6000000e+01   3.0000000e+00  -4.7695891e+00
   1.4000000e+01   3.0000000e+00  -3.3434239e+00
   9.0000000e+00   3.0000000e+00  -2.9968299e+00
   3.5000000e+01   3.1500000e+00  -4.1254871e+00
   5.0000000e+01   3.1500000e+00  -4.3600704e+00
   2.7000000e+01   3.1500000e+00  -3.9048193e+00
   1.4000000e+01   3.1500000e+00  -3.4963324e+00
   1.0000000e+01   3.1500000e+00  -2.7719034e+00
   1.9000000e+01   3.6700000e+00  -2.9369616e+00
   2.1000000e+01   3.6700000e+00  -2.7335627e+00
   1.0000000e+01   3.6700000e+00  -2.4073155e+00
   2.7000000e+01   3.6700000e+00  -2.9958905e+00
   2.9000000e+01   4.0666667e+00  -2.3734397e+00
   2.0000000e+01   4.0666667e+00  -2.7699279e+00
   9.0000000e+00   4.0666667e+00  -1.7227206e+00
   3.4000000e+01   3.1111111e+00  -3.5817870e+00
   5.7000000e+01   3.1111111e+00  -4.0751851e+00
   2.9000000e+01   3.1111111e+00  -3.5107141e+00
   1.6000000e+01   3.1111111e+00  -4.2410171e+00
   2.0000000e+01   3.1111111e+00  -3.4376264e+00
   3.9000000e+01   3.2900000e+00  -3.7757234e+00
   4.6000000e+01   3.2900000e+00  -4.3721909e+00
   3.0000000e+01   3.2900000e+00  -3.5843127e+00
   1.8000000e+01   3.2900000e+00  -2.9115560e+00
   9.0000000e+00   3.2900000e+00  -2.9934196e+00
   4.0000000e+01   2.8900000e+00  -5.0467547e+00
   4.5000000e+01   2.8900000e+00  -3.9713544e+00
   3.0000000e+01   2.8900000e+00  -3.6458607e+00
   2.0000000e+01   2.8900000e+00  -3.7351717e+00
   9.0000000e+00   2.8900000e+00  -4.1715629e+00
   3.6000000e+01   3.1200000e+00  -4.0575491e+00
   4.9000000e+01   3.1200000e+00  -3.8089820e+00
   2.8000000e+01   3.1200000e+00  -3.3873036e+00
   1.7000000e+01   3.1200000e+00  -3.8258027e+00
   2.7000000e+01   3.5000000e+00  -4.1200959e+00
   1.7000000e+01   3.5000000e+00  -3.5700846e+00
   1.1000000e+01   3.5000000e+00  -2.8979908e+00
   2.3000000e+01   3.5000000e+00  -3.3358671e+00
   1.8000000e+01   3.5000000e+00  -2.6116356e+00
   2.1000000e+01   3.5000000e+00  -3.2140255e+00
   3.3000000e+01   2.8500000e+00  -5.3589030e+00
   6.0000000e+01   2.8500000e+00  -6.0640936e+00
   1.6000000e+01   2.8500000e+00  -4.4852263e+00
   2.2000000e+01   2.8500000e+00  -4.1226286e+00
   3.9000000e+01   2.9000000e+00  -3.9896471e+00
   4.5000000e+01   2.9000000e+00  -4.7530254e+00
   3.0000000e+01   2.9000000e+00  -4.8464604e+00
   1.9000000e+01   2.9000000e+00  -4.2887505e+00
   8.0000000e+00   2.9000000e+00  -3.4416710e+00
   3.1000000e+01   4.1000000e+00  -2.2623423e+00
   1.8000000e+01   4.1000000e+00  -2.3202028e+00
   1.2000000e+01   4.1000000e+00  -1.9013191e+00
   2.9000000e+01   3.1000000e+00  -3.4744682e+00
   1.5000000e+01   3.1000000e+00  -3.7635229e+00
   1.8000000e+01   3.1000000e+00  -4.2287539e+00
   3.3000000e+01   2.8300000e+00  -5.3078329e+00
   5.8000000e+01   2.8300000e+00  -5.5947439e+00
   2.8000000e+01   2.8300000e+00  -4.5454737e+00
   1.6000000e+01   2.8300000e+00  -4.6694485e+00
   2.0000000e+01   2.8300000e+00  -4.4443935e+00
   2.8000000e+01   2.8750000e+00  -4.8989628e+00
   2.4000000e+01   2.8750000e+00  -4.8487888e+00
   1.2000000e+01   2.8750000e+00  -3.6532571e+00
   2.2000000e+01   2.8750000e+00  -4.0242712e+00
   2.9000000e+01   2.9100000e+00  -4.3546911e+00
   2.4000000e+01   2.9100000e+00  -4.9397362e+00
   1.3000000e+01   2.9100000e+00  -3.2608283e+00
   2.0000000e+01   2.9100000e+00  -4.6629639e+00
   3.0000000e+01   3.9333333e+00  -3.2980425e+00
   1.7000000e+01   3.9333333e+00  -2.3720811e+00
   2.0000000e+01   3.9333333e+00  -2.1443623e+00
   2.5000000e+01   2.9777778e+00  -3.7533568e+00
   6.5000000e+01   2.9777778e+00  -5.7166219e+00
   2.3000000e+01   2.9777778e+00  -3.6410115e+00
   1.2000000e+01   2.9777778e+00  -3.6684680e+00
   2.3000000e+01   2.9777778e+00  -3.9276437e+00
   2.8000000e+01   2.8125000e+00  -4.9328789e+00
   2.3000000e+01   2.8125000e+00  -4.1954188e+00
   2.1000000e+01   2.8125000e+00  -4.2233313e+00
   4.1000000e+01   3.1714286e+00  -5.0204547e+00
   4.4000000e+01   3.1714286e+00  -5.1637957e+00
   3.1000000e+01   3.1714286e+00  -4.2368201e+00
   2.1000000e+01   3.1714286e+00  -4.1563034e+00
   9.0000000e+00   3.1714286e+00  -2.7714463e+00
   2.9000000e+01   3.1000000e+00  -4.7375520e+00
   6.1000000e+01   3.1000000e+00  -4.8181461e+00
   2.5000000e+01   3.1000000e+00  -4.1467534e+00
   1.5000000e+01   3.1000000e+00  -3.4451047e+00
   2.2000000e+01   3.1000000e+00  -3.4484545e+00
   3.6000000e+01   2.8571429e+00  -4.1684211e+00
   5.0000000e+01   2.8571429e+00  -5.1885979e+00
   2.8000000e+01   2.8571429e+00  -3.7559379e+00
   1.5000000e+01   2.8571429e+00  -3.7310254e+00
   1.1000000e+01   2.8571429e+00  -3.9382582e+00
   3.9000000e+01   3.1875000e+00  -4.9646045e+00
   4.6000000e+01   3.1875000e+00  -4.3836429e+00
   2.9000000e+01   3.1875000e+00  -4.4582584e+00
   1.8000000e+01   3.1875000e+00  -4.2340962e+00
   2.7000000e+01   3.3000000e+00  -3.3193391e+00
   2.3000000e+01   3.3000000e+00  -3.8391900e+00
   1.4000000e+01   3.3000000e+00  -2.7700895e+00
   2.2000000e+01   3.3000000e+00  -3.2865994e+00
   3.5000000e+01   2.8500000e+00  -5.0813994e+00
   5.1000000e+01   2.8500000e+00  -5.8317227e+00
   2.7000000e+01   2.8500000e+00  -3.5764935e+00
   1.4000000e+01   2.8500000e+00  -4.2757446e+00
   1.1000000e+01   2.8500000e+00  -4.1905798e+00
   2.0000000e+01   3.5142857e+00  -3.5533611e+00
   6.7000000e+01   3.5142857e+00  -4.3966051e+00
   2.0000000e+01   3.5142857e+00  -3.6147248e+00
   9.0000000e+00   3.5142857e+00  -2.9871898e+00
   2.5000000e+01   3.5142857e+00  -3.6195107e+00
   3.0000000e+01   3.5666667e+00  -3.4197588e+00
   1.8000000e+01   3.5666667e+00  -3.0804638e+00
   1.0000000e+01   3.5666667e+00  -2.4045400e+00
   3.1000000e+01   3.8000000e+00  -2.8829123e+00
   1.9000000e+01   3.8000000e+00  -2.2601991e+00
   1.0000000e+01   3.8000000e+00  -1.9529337e+00
   2.9000000e+01   3.7666667e+00  -3.4722904e+00
   1.4000000e+01   3.7666667e+00  -2.8196789e+00
   1.4000000e+01   3.7666667e+00  -2.1562048e+00
   2.3000000e+01   3.4666667e+00  -3.1519918e+00
   1.4000000e+01   3.4666667e+00  -2.8415474e+00
   1.9000000e+01   3.4666667e+00  -3.3440863e+00
   2.1000000e+01   3.5000000e+00  -2.6866074e+00
   1.5000000e+01   3.5000000e+00  -3.0763309e+00
   2.2000000e+01   3.5000000e+00  -3.5524704e+00
   3.2000000e+01   4.3333333e+00  -2.2451820e+00
   2.1000000e+01   4.3333333e+00  -2.2223268e+00
   1.5000000e+01   4.3333333e+00  -1.6170192e+00
   3.4000000e+01   2.9857143e+00  -3.6712817e+00
   5.8000000e+01   2.9857143e+00  -4.9055226e+00
   3.0000000e+01   2.9857143e+00  -3.7133002e+00
   1.6000000e+01   2.9857143e+00  -3.7424506e+00
   2.0000000e+01   2.9857143e+00  -4.2746739e+00
   2.9000000e+01   3.0375000e+00  -4.4068995e+00
   6.0000000e+01   3.0375000e+00  -4.8424535e+00
   2.4000000e+01   3.0375000e+00  -4.0482225e+00
   1.4000000e+01   3.0375000e+00  -3.5511743e+00
   2.1000000e+01   3.0375000e+00  -3.8058372e+00
   3.2000000e+01   2.9888889e+00  -3.9691280e+00
   5.8000000e+01   2.9888889e+00  -5.0276064e+00
   2.6000000e+01   2.9888889e+00  -3.8976110e+00
   1.5000000e+01   2.9888889e+00  -3.4823445e+00
   1.9000000e+01   2.9888889e+00  -4.0908680e+00
   3.6000000e+01   3.3500000e+00  -4.4301006e+00
   2.7000000e+01   3.3500000e+00  -3.1530582e+00
   1.5000000e+01   3.3500000e+00  -2.9679142e+00
   1.0000000e+01   3.3500000e+00  -3.1977067e+00
   2.5000000e+01   3.1666667e+00  -4.4547903e+00
   1.1000000e+01   3.1666667e+00  -2.7957211e+00
   2.2000000e+01   3.1666667e+00  -4.4511703e+00
   4.1000000e+01   3.9428571e+00  -3.7467795e+00
   4.5000000e+01   3.9428571e+00  -2.9823723e+00
   3.1000000e+01   3.9428571e+00  -3.0569677e+00
   2.0000000e+01   3.9428571e+00  -2.8021707e+00
   1.0000000e+01   3.9428571e+00  -1.7712661e+00
   4.0000000e+01   3.1875000e+00  -3.8090522e+00
   3.0000000e+01   3.1875000e+00  -4.4653382e+00
   1.8000000e+01   3.1875000e+00  -4.0349746e+00
   4.3000000e+01   3.3625000e+00  -3.8602692e+00
   4.5000000e+01   3.3625000e+00  -4.3689901e+00
   3.5000000e+01   3.3625000e+00  -4.0525970e+00
   2.1000000e+01   3.3625000e+00  -3.8022172e+00
   1.3000000e+01   3.3625000e+00  -3.1096524e+00
   3.5000000e+01   3.6777778e+00  -3.1291087e+00
   5.6000000e+01   3.6777778e+00  -3.3672682e+00
   2.9000000e+01   3.6777778e+00  -2.9851939e+00
   1.7000000e+01   3.6777778e+00  -2.4082383e+00
   1.8000000e+01   3.6777778e+00  -2.5946258e+00
   3.1000000e+01   2.7222222e+00  -4.6719288e+00
   2.6000000e+01   2.7222222e+00  -4.4890370e+00
   1.4000000e+01   2.7222222e+00  -3.3778864e+00
   2.0000000e+01   2.7222222e+00  -4.5665933e+00
   3.0000000e+01   3.4666667e+00  -3.3072408e+00
   1.7000000e+01   3.4666667e+00  -3.6464307e+00
   1.0000000e+01   3.4666667e+00  -3.2829974e+00
   3.6000000e+01   3.5500000e+00  -3.5580141e+00
   5.5000000e+01   3.5500000e+00  -3.8971679e+00
   3.0000000e+01   3.5500000e+00  -3.5943240e+00
   1.8000000e+01   3.5500000e+00  -3.3632126e+00
   1.8000000e+01   3.5500000e+00  -3.5555845e+00
   2.9000000e+01   3.2250000e+00  -4.0701112e+00
   1.7000000e+01   3.2250000e+00  -3.1982888e+00
   1.9000000e+01   3.2250000e+00  -4.0107825e+00
   2.9000000e+01   2.5800000e+00  -3.9885176e+00
   2.1000000e+01   2.5800000e+00  -4.1899476e+00
   1.7000000e+01   2.5800000e+00  -4.8078490e+00
   1.8000000e+01   2.5800000e+00  -5.2673191e+00
   6.3000000e+01   2.7750000e+00  -4.8533853e+00
   2.2000000e+01   2.7750000e+00  -4.6950141e+00
   1.3000000e+01   2.7750000e+00  -3.4709135e+00
   2.2000000e+01   2.7750000e+00  -4.3905846e+00
   4.1000000e+01   2.9857143e+00  -4.7093989e+00
   4.4000000e+01   2.9857143e+00  -3.8846574e+00
   3.1000000e+01   2.9857143e+00  -3.8769160e+00
   8.0000000e+00   2.9857143e+00  -3.6923963e+00
   3.1000000e+01   3.0285714e+00  -3.5177505e+00
   1.9000000e+01   3.0285714e+00  -3.7716198e+00
   1.9000000e+01   3.0285714e+00  -3.8642758e+00
   4.9000000e+01   3.3285714e+00  -3.5221410e+00
   2.7000000e+01   3.3285714e+00  -3.8751599e+00
   1.6000000e+01   3.3285714e+00  -3.3847379e+00
   1.0000000e+01   3.3285714e+00  -2.5078707e+00
   6.2000000e+01   3.1750000e+00  -4.8124274e+00
   2.5000000e+01   3.1750000e+00  -4.5898459e+00
   1.4000000e+01   3.1750000e+00  -2.8769791e+00
   2.2000000e+01   3.1750000e+00  -3.6391063e+00
   6.8000000e+01   3.3142857e+00  -4.5095661e+00
   2.5000000e+01   3.3142857e+00  -3.7699423e+00
   1.5000000e+01   3.3142857e+00  -3.7428456e+00
   2.7000000e+01   3.3142857e+00  -3.1447659e+00
   4.6000000e+01   3.2000000e+00  -4.6275974e+00
   2.8000000e+01   3.2000000e+00  -4.5193111e+00
   1.8000000e+01   3.2000000e+00  -3.2192142e+00
   8.0000000e+00   3.2000000e+00  -3.4594797e+00
   1.8000000e+01   3.7142857e+00  -3.2056654e+00
   1.8000000e+01   3.7142857e+00  -3.2344826e+00
   3.2000000e+01   3.7142857e+00  -3.4934599e+00
   2.6000000e+01   3.1428571e+00  -3.8373234e+00
   1.5000000e+01   3.1428571e+00  -3.1128882e+00
   2.2000000e+01   3.1428571e+00  -4.0122944e+00
   6.7000000e+01   3.5000000e+00  -3.8129604e+00
   2.4000000e+01   3.5000000e+00  -3.2477810e+00
   1.5000000e+01   3.5000000e+00  -2.9615173e+00
   2.6000000e+01   3.5000000e+00  -3.2508154e+00
   3.4000000e+01   3.0714286e+00  -4.6809204e+00
   2.3000000e+01   3.0714286e+00  -3.5070358e+00
   5.8000000e+01   2.9125000e+00  -5.7024315e+00
   2.9000000e+01   2.9125000e+00  -4.9745991e+00
   1.6000000e+01   2.9125000e+00  -3.3849348e+00
   2.0000000e+01   2.9125000e+00  -3.6963509e+00
   4.7000000e+01   3.6000000e+00  -4.2169256e+00
   3.0000000e+01   3.6000000e+00  -3.3665660e+00
   1.8000000e+01   3.6000000e+00  -3.4281199e+00
   9.0000000e+00   3.6000000e+00  -2.4708024e+00
   4.6000000e+01   2.9800000e+00  -4.3475636e+00
   3.1000000e+01   2.9800000e+00  -4.7629869e+00
   1.9000000e+01   2.9800000e+00  -3.8580374e+00
   1.0000000e+01   2.9800000e+00  -3.4099359e+00
   6.8000000e+01   3.0857143e+00  -4.3833436e+00
   2.3000000e+01   3.0857143e+00  -4.5788292e+00
   1.5000000e+01   3.0857143e+00  -2.9654648e+00
   2.7000000e+01   3.0857143e+00  -4.1105315e+00
   2.9000000e+01   3.3857143e+00  -3.5514361e+00
   1.8000000e+01   3.3857143e+00  -3.5285340e+00
   1.0000000e+01   3.3857143e+00  -3.1481521e+00
   2.9000000e+01   3.3833333e+00  -3.9208550e+00
   1.5000000e+01   3.3833333e+00  -3.5366992e+00
   1.1000000e+01   3.3833333e+00  -2.6471765e+00
   3.7000000e+01   3.6600000e+00  -3.8248135e+00
   4.8000000e+01   3.6600000e+00  -3.5967939e+00
   2.8000000e+01   3.6600000e+00  -3.2422217e+00
   1.6000000e+01   3.6600000e+00  -2.8420367e+00
   9.0000000e+00   3.6600000e+00  -2.5279269e+00
   2.6000000e+01   2.8857143e+00  -3.8032506e+00
   5.7000000e+01   2.8857143e+00  -4.5513804e+00
   1.7000000e+01   2.8857143e+00  -3.9169913e+00
   2.0000000e+01   2.8857143e+00  -4.2259206e+00
   2.1000000e+01   2.8857143e+00  -3.6750151e+00
   3.6000000e+01   2.9875000e+00  -5.1905639e+00
   3.0000000e+01   2.9875000e+00  -4.3996595e+00
   1.7000000e+01   2.9875000e+00  -4.2636381e+00
   1.9000000e+01   2.9875000e+00  -4.5051725e+00
   3.8000000e+01   3.2125000e+00  -3.4547270e+00
   4.6000000e+01   3.2125000e+00  -3.8834164e+00
   2.9000000e+01   3.2125000e+00  -4.0587585e+00
   1.8000000e+01   3.2125000e+00  -3.7636446e+00
   3.5000000e+01   4.1857143e+00  -2.7070492e+00
   5.6000000e+01   4.1857143e+00  -2.9355500e+00
   2.9000000e+01   4.1857143e+00  -2.6705973e+00
   1.7000000e+01   4.1857143e+00  -2.4834426e+00
   1.9000000e+01   4.1857143e+00  -2.2305338e+00
   3.5000000e+01   3.0428571e+00  -3.9575513e+00
   5.6000000e+01   3.0428571e+00  -5.4148932e+00
   2.9000000e+01   3.0428571e+00  -4.7886928e+00
   3.9000000e+01   3.5125000e+00  -3.1039202e+00
   4.6000000e+01   3.5125000e+00  -4.5807042e+00
   2.9000000e+01   3.5125000e+00  -3.2546122e+00
   1.8000000e+01   3.5125000e+00  -3.5086706e+00
   8.0000000e+00   3.5125000e+00  -3.1210938e+00
   3.9000000e+01   3.1428571e+00  -5.1199958e+00
   2.9000000e+01   3.1428571e+00  -4.7796287e+00
   1.8000000e+01   3.1428571e+00  -4.3142886e+00
   9.0000000e+00   3.1428571e+00  -3.1663571e+00
   2.6000000e+01   2.9125000e+00  -4.1291504e+00
   6.2000000e+01   2.9125000e+00  -5.3022549e+00
   2.2000000e+01   2.9125000e+00  -4.1219245e+00
   1.2000000e+01   2.9125000e+00  -3.5138041e+00
   2.1000000e+01   2.9125000e+00  -3.6323964e+00
   4.0000000e+01   3.3428571e+00  -3.5991889e+00
   4.5000000e+01   3.3428571e+00  -3.9981819e+00
   3.1000000e+01   3.3428571e+00  -3.4925969e+00
   1.9000000e+01   3.3428571e+00  -3.7591867e+00
   9.0000000e+00   3.3428571e+00  -3.0805565e+00
   2.6000000e+01   2.8125000e+00  -4.5333555e+00
   6.2000000e+01   2.8125000e+00  -5.4140487e+00
   2.2000000e+01   2.8125000e+00  -4.6339853e+00
   1.4000000e+01   2.8125000e+00  -3.9893446e+00
   2.2000000e+01   2.8125000e+00  -4.2999026e+00
   2.2000000e+01   3.2000000e+00  -3.0878860e+00
   6.8000000e+01   3.2000000e+00  -5.5572099e+00
   2.2000000e+01   3.2000000e+00  -4.0461569e+00
   1.5000000e+01   3.2000000e+00  -3.1395494e+00
   2.7000000e+01   3.2000000e+00  -3.3806028e+00
   3.9000000e+01   3.0875000e+00  -4.3227020e+00
   4.6000000e+01   3.0875000e+00  -4.0485983e+00
   2.9000000e+01   3.0875000e+00  -4.6379596e+00
   1.8000000e+01   3.0875000e+00  -3.5645689e+00
   8.0000000e+00   3.0875000e+00  -3.7923909e+00
   4.1000000e+01   3.2142857e+00  -3.7463854e+00
   3.1000000e+01   3.2142857e+00  -4.5566878e+00
   2.0000000e+01   3.2142857e+00  -3.9531463e+00
   9.0000000e+00   3.2142857e+00  -3.2513294e+00
   3.9000000e+01   3.1300000e+00  -4.4303123e+00
   3.0000000e+01   3.1300000e+00  -3.7257432e+00
   1.8000000e+01   3.1300000e+00  -3.2613094e+00
   3.1000000e+01   3.0250000e+00  -3.7141504e+00
   5.9000000e+01   3.0250000e+00  -4.8868314e+00
   2.6000000e+01   3.0250000e+00  -3.9352074e+00
   1.4000000e+01   3.0250000e+00  -3.5582058e+00
   1.9000000e+01   3.0250000e+00  -3.8529148e+00
   3.0000000e+01   3.0250000e+00  -4.4885432e+00
   2.7000000e+01   3.0250000e+00  -3.7516149e+00
   1.4000000e+01   3.0250000e+00  -3.3476137e+00
   3.3000000e+01   3.0375000e+00  -4.5126213e+00
   5.9000000e+01   3.0375000e+00  -5.4451818e+00
   2.8000000e+01   3.0375000e+00  -4.9308042e+00
   1.5000000e+01   3.0375000e+00  -3.9005029e+00
   2.0000000e+01   3.0375000e+00  -3.4986906e+00
   3.4000000e+01   3.3200000e+00  -3.2829107e+00
   5.4000000e+01   3.3200000e+00  -4.3157539e+00
   2.7000000e+01   3.3200000e+00  -3.8572623e+00
   1.2000000e+01   3.3200000e+00  -3.3155027e+00
   1.4000000e+01   3.3200000e+00  -3.4923104e+00
   4.0000000e+01   3.0700000e+00  -4.8181617e+00
   4.4000000e+01   3.0700000e+00  -5.2862784e+00
   3.0000000e+01   3.0700000e+00  -3.6061334e+00
   2.0000000e+01   3.0700000e+00  -3.5331678e+00
   8.0000000e+00   3.0700000e+00  -3.2197055e+00
   3.0000000e+01   2.9571429e+00  -4.4397849e+00
   6.0000000e+01   2.9571429e+00  -5.3484871e+00
   2.6000000e+01   2.9571429e+00  -4.1572032e+00
   1.4000000e+01   2.9571429e+00  -3.4836243e+00
   2.1000000e+01   2.9571429e+00  -4.1614341e+00
   3.3000000e+01   3.1500000e+00  -4.3863007e+00
   2.8000000e+01   3.1500000e+00  -4.5167944e+00
   1.5000000e+01   3.1500000e+00  -3.7878765e+00
   1.9000000e+01   3.1500000e+00  -4.1014234e+00
   2.5000000e+01   3.5125000e+00  -3.5106398e+00
   3.2000000e+01   3.5125000e+00  -3.0831809e+00
   2.0000000e+01   3.5125000e+00  -3.3586565e+00
   5.5000000e+01   2.1833333e+00  -5.7577705e+00
   4.4000000e+01   2.1833333e+00  -6.0775522e+00
   1.9000000e+01   2.1833333e+00  -5.7873827e+00
   6.2000000e+01   2.8285714e+00  -5.0373878e+00
   4.8000000e+01   2.8285714e+00  -4.9883596e+00
   6.8000000e+01   2.9000000e+00  -5.2037064e+00
   6.9000000e+01   2.5400000e+00  -6.0943604e+00
   5.2000000e+01   2.5400000e+00  -5.8612265e+00
   2.3000000e+01   2.5400000e+00  -4.8469898e+00
   3.2000000e+01   2.5400000e+00  -5.8035343e+00
   2.2000000e+01   2.1500000e+00  -5.4110032e+00
   6.1000000e+01   2.1500000e+00  -5.7465150e+00
   5.5000000e+01   2.1500000e+00  -6.2414039e+00
   6.4000000e+01   1.9500000e+00  -5.9125618e+00
   6.9000000e+01   1.9500000e+00  -6.2721884e+00
   2.9000000e+01   1.9500000e+00  -5.6163766e+00
   6.1000000e+01   2.6333333e+00  -4.8977021e+00
   6.8000000e+01   2.6333333e+00  -5.3677840e+00
   3.3000000e+01   2.6333333e+00  -4.9528421e+00
   6.0000000e+01   2.0250000e+00  -7.4619164e+00
   6.1000000e+01   2.0250000e+00  -6.0907739e+00
   4.9000000e+01   2.2500000e+00  -6.1972431e+00
   3.9000000e+01   2.9200000e+00  -4.7930130e+00
   6.0000000e+01   2.5500000e+00  -4.6719493e+00
   4.9000000e+01   2.0333333e+00  -6.3420841e+00
   3.1000000e+01   2.0333333e+00  -6.2222670e+00
   5.7000000e+01   2.4800000e+00  -4.7053904e+00
   2.8000000e+01   2.5400000e+00  -4.8437847e+00
   4.3000000e+01   2.5400000e+00  -5.1994163e+00
   4.5000000e+01   2.2750000e+00  -5.9848661e+00
   1.9000000e+01   2.2750000e+00  -5.0218556e+00
   6.9000000e+01   2.4166667e+00  -5.2050227e+00
   2.4000000e+01   2.4166667e+00  -4.3383204e+00
   4.5000000e+01   2.2666667e+00  -5.1808456e+00
   6.9000000e+01   2.2666667e+00  -6.6169266e+00
   6.4000000e+01   2.2666667e+00  -6.7568488e+00
   6.8000000e+01   1.8750000e+00  -7.4776797e+00
   6.6000000e+01   1.8750000e+00  -7.0348182e+00
   5.3000000e+01   2.1250000e+00  -5.2425910e+00
   3.7000000e+01   2.7333333e+00  -4.8629923e+00
   4.9000000e+01   2.7333333e+00  -5.0443431e+00
   3.9000000e+01   2.7333333e+00  -5.8062885e+00
   2.1000000e+01   2.9400000e+00  -3.6684199e+00
   5.0000000e+01   2.7400000e+00  -4.7815351e+00
   3.1000000e+01   2.7400000e+00  -3.8708715e+00
   3.7000000e+01   1.9750000e+00  -6.9057483e+00
   4.9000000e+01   3.2285714e+00  -5.0352520e+00
   6.5000000e+01   3.2285714e+00  -5.4667040e+00
   4.2000000e+01   3.1166667e+00  -4.2760026e+00
   4.3000000e+01   3.1166667e+00  -5.2919553e+00
   1.3000000e+01   2.3250000e+00  -4.3619035e+00
   6.6000000e+01   2.3250000e+00  -7.2483610e+00
   5.9000000e+01   2.3250000e+00  -6.1705907e+00
   2.4000000e+01   2.2800000e+00  -5.4868422e+00
   5.0000000e+01   2.4666667e+00  -4.9773159e+00
   2.6000000e+01   2.2000000e+00  -4.7483375e+00
   6.1000000e+01   2.2000000e+00  -6.0377845e+00
   5.5000000e+01   2.2000000e+00  -7.1053387e+00
   4.8000000e+01   2.2000000e+00  -5.7632553e+00
   6.6000000e+01   2.1200000e+00  -7.3948984e+00
   1.1000000e+01   2.1800000e+00  -5.3510385e+00
   6.8000000e+01   2.1800000e+00  -5.6172450e+00
   6.7000000e+01   2.1800000e+00  -7.0530628e+00
   2.1000000e+01   2.6250000e+00  -4.4167336e+00
   5.3000000e+01   2.6250000e+00  -6.1443666e+00
   5.9000000e+01   1.9000000e+00  -7.7312292e+00
   5.4000000e+01   1.9000000e+00  -5.3371352e+00
   1.6000000e+01   2.8000000e+00  -4.7195154e+00
   5.1000000e+01   2.8000000e+00  -4.1804153e+00
   6.4000000e+01   2.0000000e+00  -6.2022214e+00
   3.9000000e+01   2.0000000e+00  -5.1290027e+00
   1.7000000e+01   2.0000000e+00  -4.2549860e+00
   5.9000000e+01   1.7000000e+00  -7.6296011e+00
   6.7000000e+01   1.7000000e+00  -7.4471458e+00
   2.3000000e+01   1.7000000e+00  -5.0935938e+00
   3.4000000e+01   3.0000000e+00  -3.7719039e+00
   4.9000000e+01   3.0000000e+00  -4.1648252e+00
   4.9000000e+01   2.1750000e+00  -5.3964271e+00
   4.6000000e+01   1.6750000e+00  -5.4316045e+00
   5.7000000e+01   2.0000000e+00  -5.2667348e+00
   6.4000000e+01   2.4500000e+00  -6.6734767e+00
   2.2000000e+01   2.4500000e+00  -5.0193603e+00
   2.7000000e+01   2.1333333e+00  -5.2013641e+00
   2.8000000e+01   2.1333333e+00  -5.2680563e+00
   6.8000000e+01   2.3750000e+00  -5.0347264e+00
   3.8000000e+01   2.4000000e+00  -4.5033090e+00
   6.4000000e+01   2.4000000e+00  -6.1056166e+00
   2.7000000e+01   2.3250000e+00  -4.8696910e+00
   6.1000000e+01   2.0500000e+00  -7.2703865e+00
   4.4000000e+01   2.0500000e+00  -6.3149824e+00
   5.4000000e+01   1.9750000e+00  -7.0517752e+00
   5.3000000e+01   1.9750000e+00  -5.7907295e+00
   3.5000000e+01   1.9500000e+00  -5.7445242e+00
   1.7000000e+01   1.9500000e+00  -5.2326378e+00
   2.3000000e+01   2.0200000e+00  -4.8196274e+00
   6.1000000e+01   2.0200000e+00  -7.2781106e+00
   4.3000000e+01   2.6600000e+00  -5.1501242e+00
   6.4000000e+01   1.8000000e+00  -6.4302385e+00
   6.9000000e+01   1.8000000e+00  -5.8192097e+00
   5.7000000e+01   1.8000000e+00  -5.6955247e+00
   1.2000000e+01   1.8000000e+00  -5.6162637e+00
   3.2000000e+01   1.8750000e+00  -4.9052217e+00
   6.8000000e+01   1.8750000e+00  -7.9893257e+00
   5.0000000e+01   1.8750000e+00  -6.2952143e+00
   4.3000000e+01   1.8750000e+00  -7.1524302e+00
   5.8000000e+01   3.1000000e+00  -4.9738112e+00
   6.9000000e+01   3.1000000e+00  -5.6526156e+00
   6.4000000e+01   2.7833333e+00  -5.8275898e+00
   6.6000000e+01   2.7833333e+00  -5.8939697e+00
   6.9000000e+01   2.7833333e+00  -6.4909749e+00
   2.6000000e+01   2.7833333e+00  -3.8597988e+00
   6.4000000e+01   2.1500000e+00  -7.0523195e+00
   6.6000000e+01   2.1500000e+00  -6.9697878e+00
   6.9000000e+01   2.1500000e+00  -7.3651206e+00
   2.7000000e+01   2.1500000e+00  -5.7721253e+00
   2.8000000e+01   3.1600000e+00  -3.2459572e+00
   4.7000000e+01   3.1600000e+00  -4.1409168e+00
   6.4000000e+01   3.1600000e+00  -5.6119537e+00
   2.8000000e+01   1.8250000e+00  -6.2068123e+00
   4.5000000e+01   1.8250000e+00  -6.5734579e+00
   6.4000000e+01   1.8250000e+00  -7.2888981e+00
   1.9000000e+01   2.0000000e+00  -6.0374699e+00
   5.4000000e+01   2.0000000e+00  -5.6306702e+00
   6.7000000e+01   2.0000000e+00  -5.5973403e+00
   5.5000000e+01   2.0500000e+00  -6.8956617e+00
   2.4000000e+01   2.0500000e+00  -5.0743323e+00
   4.1000000e+01   3.2750000e+00  -4.7741978e+00
   5.7000000e+01   1.8750000e+00  -7.5708774e+00
   6.9000000e+01   1.8750000e+00  -7.8503987e+00
   5.9000000e+01   2.2800000e+00  -6.9585151e+00
   2.3000000e+01   2.2800000e+00  -4.1466044e+00
   3.5000000e+01   2.4000000e+00  -4.8213574e+00
   6.8000000e+01   2.4000000e+00  -5.1478336e+00
   4.9000000e+01   2.4000000e+00  -6.4701032e+00
   3.6000000e+01   2.4000000e+00  -5.3980056e+00
   5.9000000e+01   2.1750000e+00  -5.1907370e+00
   3.7000000e+01   2.2200000e+00  -5.4443231e+00
   6.4000000e+01   3.3000000e+00  -3.8729667e+00
   4.1000000e+01   1.7500000e+00  -6.6096168e+00
   5.3000000e+01   1.7500000e+00  -7.0818630e+00
   2.8000000e+01   1.7500000e+00  -5.5816111e+00
   1.0000000e+01   2.1250000e+00  -4.9646596e+00
   6.8000000e+01   2.5600000e+00  -5.0170900e+00
   5.4000000e+01   2.5600000e+00  -5.7431763e+00
   2.8000000e+01   2.5600000e+00  -5.2951131e+00
   2.7000000e+01   2.5600000e+00  -5.1138327e+00
   1.3000000e+01   2.4666667e+00  -4.8805466e+00
   5.5000000e+01   2.7000000e+00  -4.5918027e+00
   5.1000000e+01   2.7000000e+00  -5.2002622e+00
   3.5000000e+01   2.9800000e+00  -5.1867471e+00
   4.9000000e+01   2.9800000e+00  -5.5973133e+00
   6.8000000e+01   1.9500000e+00  -5.6495757e+00
   6.2000000e+01   1.9500000e+00  -7.1844165e+00
   2.7000000e+01   1.9500000e+00  -5.2124914e+00
   4.5000000e+01   1.9500000e+00  -6.5686031e+00
   5.8000000e+01   1.9500000e+00  -5.9492314e+00
   6.0000000e+01   1.8500000e+00  -5.6682478e+00
   3.0000000e+01   1.8500000e+00  -6.1360083e+00
   2.2000000e+01   1.8250000e+00  -6.5863870e+00
   5.4000000e+01   1.8250000e+00  -6.0369571e+00
   6.5000000e+01   2.1800000e+00  -6.9998464e+00
   6.1000000e+01   2.1800000e+00  -5.1808027e+00
   5.7000000e+01   2.0500000e+00  -6.8062287e+00
   1.2000000e+01   2.0500000e+00  -4.8917151e+00
   2.3000000e+01   2.5000000e+00  -5.5754651e+00
   5.6000000e+01   2.5000000e+00  -5.9534269e+00
   6.5000000e+01   2.5000000e+00  -6.2903342e+00
   5.8000000e+01   2.2250000e+00  -6.9455800e+00
   4.7000000e+01   2.2250000e+00  -6.6136494e+00
   2.2000000e+01   3.0166667e+00  -3.3416753e+00
   5.0000000e+01   2.4666667e+00  -5.4237130e+00
   6.2000000e+01   2.4666667e+00  -5.8502413e+00
   2.6000000e+01   2.4666667e+00  -4.1625756e+00
   2.6000000e+01   2.5500000e+00  -5.3367607e+00
   5.6000000e+01   2.5500000e+00  -5.8879212e+00
   6.0000000e+01   2.5500000e+00  -6.0427304e+00
   3.1000000e+01   3.0800000e+00  -4.2069526e+00
   4.9000000e+01   3.0800000e+00  -4.6580003e+00
   2.8000000e+01   1.9800000e+00  -6.3458790e+00
   2.5000000e+01   2.0000000e+00  -4.7755916e+00
   6.7000000e+01   2.0000000e+00  -6.1105874e+00
   2.5000000e+01   1.9750000e+00  -5.1642339e+00
   2.1000000e+01   2.1500000e+00  -5.0870859e+00
   3.5000000e+01   2.0750000e+00  -6.1590770e+00
   5.1000000e+01   2.0750000e+00  -5.3154744e+00
   5.3000000e+01   2.0750000e+00  -6.2077992e+00
   2.7000000e+01   3.3000000e+00  -4.1095738e+00
   5.4000000e+01   3.3000000e+00  -5.0734000e+00
   5.1000000e+01   3.1750000e+00  -3.9313456e+00
   6.2000000e+01   2.5750000e+00  -6.5381373e+00
   3.0000000e+01   2.5750000e+00  -5.2043916e+00
   6.5000000e+01   3.1400000e+00  -4.5975521e+00
   4.1000000e+01   3.1400000e+00  -4.7613481e+00
   5.0000000e+01   3.1400000e+00  -4.2824571e+00
   3.9000000e+01   2.4800000e+00  -5.3129363e+00
   4.0000000e+01   2.7200000e+00  -4.5134816e+00
   6.9000000e+01   2.6500000e+00  -5.2450343e+00
   6.5000000e+01   2.6500000e+00  -6.4781625e+00
   3.1000000e+01   2.6500000e+00  -3.9546850e+00
   6.1000000e+01   2.1000000e+00  -7.3993048e+00
   4.7000000e+01   2.9400000e+00  -4.5681813e+00
   6.9000000e+01   2.9400000e+00  -5.1554440e+00
   6.5000000e+01   2.9400000e+00  -5.8468395e+00
   3.2000000e+01   2.9400000e+00  -3.9140092e+00
   3.4000000e+01   2.5500000e+00  -5.9623696e+00
   5.7000000e+01   2.5500000e+00  -5.4360684e+00
   4.3000000e+01   2.0250000e+00  -5.6994984e+00
   4.5000000e+01   2.3750000e+00  -6.4469207e+00
   6.4000000e+01   2.3750000e+00  -6.1992449e+00
   3.9000000e+01   3.9250000e+00  -3.0686913e+00
   5.1000000e+01   3.9250000e+00  -3.5003833e+00
   5.1000000e+01   2.8166667e+00  -5.9449800e+00
   6.7000000e+01   2.8166667e+00  -6.1961771e+00
   6.4000000e+01   2.8166667e+00  -5.3606009e+00
   2.6000000e+01   2.8166667e+00  -3.7422239e+00
   6.2000000e+01   2.5166667e+00  -4.7753219e+00
   3.5000000e+01   2.5166667e+00  -5.0266966e+00
   4.1000000e+01   3.3500000e+00  -4.6609013e+00
   5.9000000e+01   3.3500000e+00  -4.0423844e+00
   5.0000000e+01   3.3500000e+00  -4.1231479e+00
   5.9000000e+01   3.1833333e+00  -4.8843409e+00
   4.9000000e+01   3.1833333e+00  -4.3664335e+00
   5.9000000e+01   2.5750000e+00  -4.8583635e+00
   4.9000000e+01   2.5750000e+00  -5.1230277e+00
   5.8000000e+01   3.4750000e+00  -3.5385481e+00
   4.9000000e+01   3.4750000e+00  -3.4113736e+00
   4.0000000e+01   2.4000000e+00  -4.7937047e+00
   5.9000000e+01   2.4000000e+00  -6.8044913e+00
   4.0000000e+01   2.6000000e+00  -4.9781097e+00
   4.0000000e+01   2.3750000e+00  -6.3309174e+00
   5.0000000e+01   2.5750000e+00  -4.8155679e+00
   4.1000000e+01   2.4000000e+00  -4.7358274e+00
   5.0000000e+01   2.4000000e+00  -5.1420494e+00
   5.1000000e+01   2.5600000e+00  -5.0714788e+00
   4.1000000e+01   2.2000000e+00  -5.8786620e+00
   5.1000000e+01   2.2000000e+00  -5.8412059e+00
   4.2000000e+01   2.2400000e+00  -4.6662163e+00
   5.8000000e+01   2.2400000e+00  -6.1627471e+00
   5.8000000e+01   2.4600000e+00  -5.4621198e+00
   4.1000000e+01   2.3500000e+00  -5.0221150e+00
   5.4000000e+01   2.7200000e+00  -6.1313700e+00
   4.5000000e+01   2.7200000e+00  -4.4880252e+00
   5.3000000e+01   2.6000000e+00  -6.2439813e+00
   4.3000000e+01   2.6000000e+00  -5.8453336e+00
   5.4000000e+01   3.6200000e+00  -4.1778051e+00
   1.5000000e+01   3.6200000e+00  -3.2388737e+00
   2.1000000e+01   2.1666667e+00  -5.0254916e+00
   2.4000000e+01   2.0333333e+00  -5.8061031e+00
   6.1000000e+01   2.0333333e+00  -6.3083369e+00
   2.8000000e+01   3.0833333e+00  -4.4817251e+00
   3.0000000e+01   3.0833333e+00  -4.1533927e+00
   4.1000000e+01   2.0000000e+00  -5.8576519e+00
   5.8000000e+01   3.0666667e+00  -4.4559095e+00
   5.3000000e+01   3.0666667e+00  -5.5526137e+00
   2.2000000e+01   3.0666667e+00  -3.2164414e+00
   5.5000000e+01   3.2571429e+00  -5.2800727e+00
   5.1000000e+01   3.2571429e+00  -4.1028126e+00
   2.1000000e+01   3.2571429e+00  -4.1841297e+00
   4.0000000e+01   2.9250000e+00  -4.0995545e+00
   4.2000000e+01   2.1400000e+00  -6.7253803e+00
   4.7000000e+01   2.1400000e+00  -4.9675149e+00
   2.7000000e+01   2.9000000e+00  -4.4741823e+00
   5.6000000e+01   2.5571429e+00  -6.3378699e+00
   5.2000000e+01   2.5571429e+00  -6.0764099e+00
   2.0000000e+01   2.5571429e+00  -5.3821051e+00
   1.9000000e+01   2.5000000e+00  -4.7873699e+00
   6.8000000e+01   2.5000000e+00  -5.0896912e+00
   3.9000000e+01   3.3200000e+00  -3.9284204e+00
   5.8000000e+01   3.3200000e+00  -4.4610888e+00
   5.0000000e+01   3.3200000e+00  -4.1285628e+00
   5.2000000e+01   2.3400000e+00  -5.1253654e+00
   2.2000000e+01   2.3400000e+00  -5.6368668e+00
   3.2000000e+01   2.3400000e+00  -5.2798079e+00
   2.2000000e+01   2.3400000e+00  -5.7293465e+00
   2.8000000e+01   2.2250000e+00  -4.5719238e+00
   6.3000000e+01   2.2250000e+00  -6.7070886e+00
   5.2000000e+01   2.2750000e+00  -4.7979206e+00
   6.6000000e+01   2.2750000e+00  -7.1493455e+00
   6.7000000e+01   2.1800000e+00  -5.7961149e+00
   6.4000000e+01   2.1800000e+00  -5.8033938e+00
   5.0000000e+01   1.6600000e+00  -6.5148516e+00
   6.5000000e+01   1.6600000e+00  -6.1242364e+00
   5.4000000e+01   3.2000000e+00  -4.2682368e+00
   2.0000000e+01   3.2000000e+00  -4.1372645e+00
   4.1000000e+01   3.2000000e+00  -4.8905538e+00
   3.3000000e+01   2.0400000e+00  -6.7041519e+00
   5.6000000e+01   2.0400000e+00  -5.3693926e+00
   3.3000000e+01   3.4400000e+00  -3.5402098e+00
   4.6000000e+01   2.0600000e+00  -5.8532553e+00
   4.1000000e+01   3.7800000e+00  -4.0045616e+00
   5.8000000e+01   3.7800000e+00  -3.5464265e+00
   5.8000000e+01   2.8250000e+00  -5.6931638e+00
   3.8000000e+01   2.4800000e+00  -5.5497607e+00
   5.8000000e+01   2.3500000e+00  -5.0490374e+00
   3.7000000e+01   2.3600000e+00  -6.0491165e+00
   5.7000000e+01   2.3600000e+00  -6.1462115e+00
   3.8000000e+01   2.3600000e+00  -5.5298309e+00
   3.9000000e+01   2.6000000e+00  -4.9668789e+00
   6.1000000e+01   2.3666667e+00  -5.2574012e+00
   4.0000000e+01   2.0800000e+00  -5.3509850e+00
   2.8000000e+01   2.1600000e+00  -5.8606867e+00
   5.7000000e+01   2.1600000e+00  -6.9728661e+00
   4.9000000e+01   2.1600000e+00  -6.3677949e+00
   3.9000000e+01   2.4400000e+00  -5.2750728e+00
   5.7000000e+01   2.4400000e+00  -6.7278859e+00
   3.6000000e+01   2.4400000e+00  -5.6862651e+00
   4.9000000e+01   2.5250000e+00  -5.1324971e+00
   3.9000000e+01   2.2000000e+00  -6.7083931e+00
   5.7000000e+01   2.2000000e+00  -6.2273821e+00
   3.6000000e+01   2.2000000e+00  -5.6415659e+00
   3.9000000e+01   2.6250000e+00  -5.9528790e+00
   3.7000000e+01   2.6250000e+00  -5.6476083e+00
   3.8000000e+01   2.2250000e+00  -4.7255749e+00
   5.7000000e+01   2.2250000e+00  -5.6821347e+00
   3.5000000e+01   2.2250000e+00  -5.3518538e+00
   3.0000000e+01   1.9500000e+00  -5.5109199e+00
   3.4000000e+01   2.3500000e+00  -4.4824282e+00
   3.9000000e+01   2.4000000e+00  -4.6673335e+00
   5.7000000e+01   2.4000000e+00  -5.4021710e+00
   3.5000000e+01   2.4000000e+00  -4.5631355e+00
   6.9000000e+01   2.3200000e+00  -6.0547351e+00
   4.8000000e+01   2.2000000e+00  -5.9437497e+00
   4.0000000e+01   2.2000000e+00  -6.5990478e+00
   1.9000000e+01   2.3250000e+00  -5.5806446e+00
   4.8000000e+01   2.1000000e+00  -5.9345378e+00
   4.0000000e+01   2.1000000e+00  -5.6650612e+00
   5.3000000e+01   2.8500000e+00  -4.6137109e+00
   3.3000000e+01   2.4250000e+00  -5.6283877e+00
   5.8000000e+01   2.4250000e+00  -5.7017370e+00
   5.5000000e+01   2.3750000e+00  -6.7879205e+00
   3.4000000e+01   2.0250000e+00  -6.6332307e+00
   4.7000000e+01   2.0250000e+00  -5.0635645e+00
   3.9000000e+01   2.0600000e+00  -6.1835989e+00
   6.4000000e+01   2.4166667e+00  -6.5927348e+00
   4.7000000e+01   2.4166667e+00  -5.7881882e+00
   1.9000000e+01   2.2750000e+00  -5.6264251e+00
   6.3000000e+01   2.2750000e+00  -6.3394597e+00
   4.4000000e+01   2.5333333e+00  -5.1635441e+00
   2.8000000e+01   2.5250000e+00  -5.3073851e+00
   5.0000000e+01   2.3800000e+00  -6.4997753e+00
   6.6000000e+01   2.4000000e+00  -5.5335980e+00
   2.1000000e+01   2.4000000e+00  -5.1186645e+00
   2.4000000e+01   3.4250000e+00  -3.9769853e+00
   2.2000000e+01   2.6750000e+00  -5.1201964e+00
   1.8000000e+01   2.4200000e+00  -4.7361183e+00
   4.4000000e+01   2.4200000e+00  -5.0328202e+00
   2.1000000e+01   2.2000000e+00  -4.4539946e+00
   5.0000000e+01   2.2000000e+00  -6.0292951e+00
   6.9000000e+01   2.5166667e+00  -5.7367507e+00
   6.8000000e+01   2.5750000e+00  -5.7124049e+00
   2.6000000e+01   2.5750000e+00  -4.6660377e+00
   2.5000000e+01   2.8500000e+00  -5.1371232e+00
   5.8000000e+01   4.2250000e+00  -3.1597381e+00
   2.4000000e+01   2.7250000e+00  -5.1335001e+00
   5.1000000e+01   2.8250000e+00  -5.6494069e+00
   2.4000000e+01   2.8250000e+00  -3.6116078e+00
   4.6000000e+01   2.2333333e+00  -6.6927192e+00
   4.8000000e+01   2.6500000e+00  -5.0224640e+00
   2.2000000e+01   2.6500000e+00  -4.5728937e+00
   2.8000000e+01   2.4750000e+00  -4.5061567e+00
   6.2000000e+01   2.3166667e+00  -5.0364750e+00
   2.8000000e+01   2.3166667e+00  -5.2714230e+00
   6.0000000e+01   3.3000000e+00  -5.1612055e+00
   3.3000000e+01   2.6666667e+00  -4.7684309e+00
   2.1000000e+01   2.6666667e+00  -4.7253205e+00
   5.0000000e+01   2.4000000e+00  -5.6650500e+00
   5.2000000e+01   2.4000000e+00  -5.4450737e+00
   2.0000000e+01   2.0000000e+00  -4.7771472e+00
   3.7000000e+01   2.7500000e+00  -4.3623766e+00
   4.4000000e+01   2.7500000e+00  -4.2894463e+00
   2.8000000e+01   4.4000000e+00  -1.9300024e+00
   4.1000000e+01   2.5600000e+00  -4.5813301e+00
   5.3000000e+01   2.5600000e+00  -5.3588436e+00
   3.0000000e+01   2.5600000e+00  -4.3927342e+00
   6.1000000e+01   2.1666667e+00  -5.4460689e+00
   6.4000000e+01   2.1666667e+00  -6.6098223e+00
   4.7000000e+01   2.7750000e+00  -4.1849635e+00
   2.8000000e+01   2.7750000e+00  -5.0934645e+00
   4.6000000e+01   3.0500000e+00  -4.7506596e+00
   6.6000000e+01   2.6500000e+00  -4.6832154e+00
   4.7000000e+01   2.6500000e+00  -5.1803921e+00
   3.7000000e+01   2.6500000e+00  -5.2986605e+00
   6.8000000e+01   2.6666667e+00  -4.6235407e+00
   2.8000000e+01   2.8000000e+00  -4.2771189e+00
   6.4000000e+01   2.4200000e+00  -5.7682994e+00
   3.7000000e+01   2.4200000e+00  -5.9973057e+00
   6.2000000e+01   2.9750000e+00  -4.8290209e+00
   3.3000000e+01   2.2500000e+00  -4.9735639e+00
   6.8000000e+01   2.6000000e+00  -6.6911008e+00
   2.5000000e+01   2.6000000e+00  -4.2198273e+00
   5.0000000e+01   2.4000000e+00  -6.2159584e+00
   5.7000000e+01   2.4000000e+00  -6.2520444e+00
   5.8000000e+01   2.3000000e+00  -6.5419056e+00
   6.2000000e+01   2.5000000e+00  -6.4037275e+00
   2.4000000e+01   2.5000000e+00  -4.7492350e+00
   2.7000000e+01   2.5333333e+00  -4.3093250e+00
   6.3000000e+01   2.5333333e+00  -5.8564294e+00
   3.3000000e+01   2.4400000e+00  -5.5819290e+00
   6.1000000e+01   2.4400000e+00  -6.3143654e+00
   2.1000000e+01   3.7333333e+00  -2.3930912e+00
   5.8000000e+01   3.7333333e+00  -4.0034983e+00
   5.6000000e+01   3.7333333e+00  -4.0215547e+00
   1.7000000e+01   2.2333333e+00  -4.2774854e+00
   6.5000000e+01   2.2333333e+00  -6.6297450e+00
   5.1000000e+01   3.5500000e+00  -4.4134898e+00
   3.0000000e+01   3.5500000e+00  -3.8314725e+00
   2.6000000e+01   3.5500000e+00  -3.7448686e+00
   5.2000000e+01   3.1600000e+00  -4.9305670e+00
   2.6000000e+01   2.5800000e+00  -4.6708011e+00
   3.0000000e+01   2.4200000e+00  -5.2265478e+00
   5.4000000e+01   2.4200000e+00  -6.2143966e+00
   3.0000000e+01   2.9250000e+00  -3.8470116e+00
   6.3000000e+01   2.9250000e+00  -5.1062320e+00
   3.0000000e+01   2.8200000e+00  -3.7967664e+00
   6.3000000e+01   2.8200000e+00  -6.0832137e+00
   4.1000000e+01   2.7000000e+00  -4.9736930e+00
   1.6000000e+01   2.7000000e+00  -4.2328106e+00
   5.7000000e+01   3.3750000e+00  -3.8662522e+00
   1.8000000e+01   3.3750000e+00  -3.4087828e+00
   5.2000000e+01   2.6000000e+00  -5.3382795e+00
   2.4000000e+01   2.6000000e+00  -4.2666288e+00
   3.6000000e+01   3.2000000e+00  -4.8513650e+00
   5.1000000e+01   2.5250000e+00  -6.2214932e+00
   1.1000000e+01   2.5250000e+00  -3.5763878e+00
   3.9000000e+01   3.1400000e+00  -4.3577160e+00
   5.7000000e+01   2.7000000e+00  -4.6224226e+00
   4.7000000e+01   2.7000000e+00  -5.0559429e+00
   4.2000000e+01   2.7000000e+00  -5.0646232e+00
   6.1000000e+01   2.4750000e+00  -6.5812908e+00
   5.7000000e+01   2.5250000e+00  -4.9582179e+00
   1.5000000e+01   2.5250000e+00  -3.9891457e+00
   2.8000000e+01   3.0000000e+00  -4.9027759e+00
   4.8000000e+01   3.0000000e+00  -4.4518793e+00
   5.7000000e+01   3.6166667e+00  -3.9673789e+00
   3.5000000e+01   3.6166667e+00  -3.3267119e+00
   6.7000000e+01   2.6600000e+00  -6.5261328e+00
   5.7000000e+01   3.3750000e+00  -4.3160898e+00
   4.9000000e+01   3.0250000e+00  -5.4666492e+00
   2.9000000e+01   3.0250000e+00  -3.4340454e+00
   5.1000000e+01   3.2000000e+00  -5.3863831e+00
   2.9000000e+01   3.2000000e+00  -3.6527406e+00
   4.7000000e+01   2.8500000e+00  -5.2865622e+00
   5.2000000e+01   2.5000000e+00  -4.8488070e+00
   1.7000000e+01   3.8000000e+00  -2.9916929e+00
   5.8000000e+01   3.8000000e+00  -3.3514837e+00
   6.7000000e+01   3.8000000e+00  -3.3697368e+00
   1.7000000e+01   3.9750000e+00  -2.4977692e+00
   5.8000000e+01   3.9750000e+00  -3.9293340e+00
   6.5000000e+01   3.9750000e+00  -3.2005089e+00
   1.8000000e+01   2.7000000e+00  -4.9377584e+00
   6.0000000e+01   2.7000000e+00  -5.7588271e+00
   5.0000000e+01   3.1250000e+00  -3.7752540e+00
   4.9000000e+01   3.1250000e+00  -4.9034737e+00
   2.3000000e+01   3.1250000e+00  -3.7225319e+00
   4.1000000e+01   2.7500000e+00  -5.0482845e+00
   6.4000000e+01   2.7500000e+00  -4.5047393e+00
   5.1000000e+01   3.0800000e+00  -5.0375852e+00
   5.9000000e+01   3.0800000e+00  -5.4286595e+00
   3.9000000e+01   2.9500000e+00  -4.5169221e+00
   5.5000000e+01   2.9500000e+00  -4.3988683e+00
   2.7000000e+01   3.0750000e+00  -4.6242424e+00
   5.9000000e+01   3.0750000e+00  -4.6081091e+00
   5.8000000e+01   3.0750000e+00  -4.1628689e+00
   2.4000000e+01   2.7000000e+00  -4.5654689e+00
   5.1000000e+01   2.7000000e+00  -6.2187226e+00
   3.3000000e+01   2.7500000e+00  -3.8269852e+00
   4.0000000e+01   2.7500000e+00  -5.2208748e+00
   2.6000000e+01   2.6250000e+00  -4.2888471e+00
   5.1000000e+01   2.6250000e+00  -5.0738837e+00
   2.5000000e+01   2.4000000e+00  -4.5808146e+00
   5.1000000e+01   2.4000000e+00  -6.0386900e+00
   5.0000000e+01   2.9333333e+00  -5.8003022e+00
   2.6000000e+01   2.5250000e+00  -4.8893929e+00
   5.0000000e+01   2.5250000e+00  -5.9148932e+00
   2.5000000e+01   3.6500000e+00  -2.9056303e+00
   4.8000000e+01   3.6500000e+00  -4.3834688e+00
   2.4000000e+01   2.7666667e+00  -4.3594401e+00
   5.0000000e+01   2.7666667e+00  -4.6908076e+00
   2.6000000e+01   3.2500000e+00  -3.7029405e+00
   5.1000000e+01   3.2500000e+00  -4.8177234e+00
   3.0000000e+01   3.0666667e+00  -3.7554837e+00
   6.1000000e+01   3.0666667e+00  -5.2925915e+00
   2.0000000e+01   2.6000000e+00  -4.3364097e+00
   4.5000000e+01   2.6000000e+00  -5.1573639e+00
   2.9000000e+01   2.6500000e+00  -4.4247148e+00
   2.5000000e+01   3.1750000e+00  -4.3157541e+00
   5.7000000e+01   3.1750000e+00  -4.9512288e+00
   6.0000000e+01   3.1750000e+00  -5.2858272e+00
   5.9000000e+01   2.1666667e+00  -6.5029738e+00
   6.4000000e+01   2.1666667e+00  -6.4982474e+00
   5.5000000e+01   2.3333333e+00  -6.7858402e+00
   5.1000000e+01   2.3333333e+00  -6.3518185e+00
   4.6000000e+01   2.3333333e+00  -6.5125576e+00
   4.7000000e+01   2.3333333e+00  -6.3585192e+00
